track_id,frame_id,timestamp_ms,agent_type,x,y,vx,vy,psi_rad,length,width
1,9,900,car,1010.789,1002.547,-8.548,1.601,2.956,3.61,1.7
1,10,1000,car,1009.933,1002.702,-8.574,1.565,2.961,3.61,1.7
1,11,1100,car,1009.074,1002.852,-8.613,1.526,2.966,3.61,1.7
1,12,1200,car,1008.212,1002.998,-8.662,1.485,2.972,3.61,1.7
1,13,1300,car,1007.344,1003.139,-8.719,1.44,2.978,3.61,1.7
1,14,1400,car,1006.471,1003.275,-8.781,1.392,2.984,3.61,1.7
1,15,1500,car,1005.592,1003.406,-8.848,1.341,2.991,3.61,1.7
1,16,1600,car,1004.705,1003.532,-8.916,1.286,2.998,3.61,1.7
1,17,1700,car,1003.813,1003.652,-8.984,1.23,3.006,3.61,1.7
1,18,1800,car,1002.913,1003.766,-9.051,1.171,3.013,3.61,1.7
1,19,1900,car,1002.007,1003.874,-9.115,1.113,3.02,3.61,1.7
1,20,2000,car,1001.094,1003.977,-9.175,1.055,3.027,3.61,1.7
1,21,2100,car,1000.176,1004.074,-9.231,0.999,3.034,3.61,1.7
1,22,2200,car,999.252,1004.167,-9.281,0.946,3.04,3.61,1.7
1,23,2300,car,998.323,1004.254,-9.327,0.896,3.046,3.61,1.7
1,24,2400,car,997.39,1004.337,-9.366,0.851,3.051,3.61,1.7
1,25,2500,car,996.453,1004.417,-9.4,0.809,3.056,3.61,1.7
1,26,2600,car,995.512,1004.492,-9.428,0.773,3.06,3.61,1.7
1,27,2700,car,994.569,1004.565,-9.451,0.74,3.063,3.61,1.7
1,28,2800,car,993.624,1004.635,-9.468,0.711,3.067,3.61,1.7
1,29,2900,car,992.677,1004.703,-9.48,0.686,3.069,3.61,1.7
1,30,3000,car,991.728,1004.769,-9.487,0.663,3.072,3.61,1.7
1,31,3100,car,990.78,1004.832,-9.489,0.642,3.074,3.61,1.7
1,32,3200,car,989.83,1004.894,-9.486,0.623,3.076,3.61,1.7
1,33,3300,car,988.882,1004.954,-9.479,0.605,3.078,3.61,1.7
1,34,3400,car,987.934,1005.012,-9.468,0.588,3.08,3.61,1.7
1,35,3500,car,986.987,1005.069,-9.453,0.57,3.081,3.61,1.7
1,36,3600,car,986.041,1005.124,-9.436,0.551,3.083,3.61,1.7
1,37,3700,car,985.098,1005.176,-9.415,0.531,3.085,3.61,1.7
1,38,3800,car,984.156,1005.227,-9.392,0.509,3.087,3.61,1.7
1,39,3900,car,983.217,1005.275,-9.367,0.485,3.09,3.61,1.7
1,40,4000,car,982.28,1005.32,-9.34,0.459,3.092,3.61,1.7
1,41,4100,car,981.346,1005.362,-9.313,0.431,3.095,3.61,1.7
1,42,4200,car,980.414,1005.401,-9.285,0.4,3.099,3.61,1.7
1,43,4300,car,979.485,1005.437,-9.258,0.366,3.102,3.61,1.7
1,44,4400,car,978.559,1005.469,-9.231,0.329,3.106,3.61,1.7
1,45,4500,car,977.636,1005.497,-9.206,0.29,3.11,3.61,1.7
1,46,4600,car,976.715,1005.52,-9.183,0.249,3.115,3.61,1.7
1,47,4700,car,975.797,1005.539,-9.163,0.205,3.119,3.61,1.7
1,48,4800,car,974.881,1005.554,-9.145,0.16,3.124,3.61,1.7
1,49,4900,car,973.966,1005.564,-9.131,0.114,3.129,3.61,1.7
1,50,5000,car,973.053,1005.569,-9.12,0.067,3.134,3.61,1.7
1,51,5100,car,972.141,1005.569,-9.112,0.02,3.139,3.61,1.7
1,52,5200,car,971.23,1005.565,-9.107,-0.026,-3.139,3.61,1.7
1,53,5300,car,970.319,1005.556,-9.105,-0.07,-3.134,3.61,1.7
1,54,5400,car,969.409,1005.543,-9.107,-0.112,-3.129,3.61,1.7
1,55,5500,car,968.498,1005.527,-9.112,-0.151,-3.125,3.61,1.7
1,56,5600,car,967.587,1005.507,-9.119,-0.187,-3.121,3.61,1.7
1,57,5700,car,966.675,1005.484,-9.13,-0.218,-3.118,3.61,1.7
1,58,5800,car,965.762,1005.459,-9.143,-0.245,-3.115,3.61,1.7
1,59,5900,car,964.848,1005.431,-9.16,-0.268,-3.112,3.61,1.7
1,60,6000,car,963.932,1005.402,-9.179,-0.286,-3.11,3.61,1.7
1,61,6100,car,963.014,1005.372,-9.201,-0.3,-3.109,3.61,1.7
1,62,6200,car,962.094,1005.341,-9.227,-0.309,-3.108,3.61,1.7
1,63,6300,car,961.171,1005.309,-9.256,-0.316,-3.107,3.61,1.7
1,64,6400,car,960.246,1005.277,-9.29,-0.319,-3.107,3.61,1.7
1,65,6500,car,959.317,1005.245,-9.327,-0.32,-3.107,3.61,1.7
1,66,6600,car,958.384,1005.213,-9.368,-0.32,-3.107,3.61,1.7
1,67,6700,car,957.447,1005.182,-9.413,-0.318,-3.108,3.61,1.7
1,68,6800,car,956.506,1005.15,-9.462,-0.315,-3.108,3.61,1.7
1,69,6900,car,955.559,1005.12,-9.513,-0.311,-3.109,3.61,1.7
1,70,7000,car,954.608,1005.089,-9.568,-0.306,-3.11,3.61,1.7
1,71,7100,car,953.651,1005.06,-9.626,-0.3,-3.11,3.61,1.7
1,72,7200,car,952.689,1005.031,-9.686,-0.292,-3.111,3.61,1.7
1,73,7300,car,951.72,1005.003,-9.749,-0.282,-3.113,3.61,1.7
1,74,7400,car,950.745,1004.977,-9.813,-0.269,-3.114,3.61,1.7
1,75,7500,car,949.764,1004.952,-9.878,-0.253,-3.116,3.61,1.7
1,76,7600,car,948.776,1004.93,-9.943,-0.233,-3.118,3.61,1.7
1,77,7700,car,947.781,1004.909,-10.008,-0.21,-3.121,3.61,1.7
1,78,7800,car,946.781,1004.892,-10.071,-0.181,-3.124,3.61,1.7
1,79,7900,car,945.773,1004.878,-10.132,-0.149,-3.127,3.61,1.7
1,80,8000,car,944.76,1004.868,-10.19,-0.111,-3.131,3.61,1.7
1,81,8100,car,943.741,1004.861,-10.243,-0.07,-3.135,3.61,1.7
1,82,8200,car,942.717,1004.86,-10.293,-0.025,-3.139,3.61,1.7
1,83,8300,car,941.687,1004.863,-10.338,0.022,3.139,3.61,1.7
1,84,8400,car,940.654,1004.871,-10.379,0.072,3.135,3.61,1.7
1,85,8500,car,939.616,1004.884,-10.415,0.124,3.13,3.61,1.7
1,86,8600,car,938.574,1004.903,-10.448,0.176,3.125,3.61,1.7
1,87,8700,car,937.53,1004.926,-10.476,0.228,3.12,3.61,1.7
1,88,8800,car,936.482,1004.955,-10.502,0.279,3.115,3.61,1.7
1,89,8900,car,935.432,1004.989,-10.524,0.33,3.11,3.61,1.7
1,90,9000,car,934.38,1005.027,-10.542,0.379,3.106,3.61,1.7
1,91,9100,car,933.326,1005.071,-10.557,0.426,3.101,3.61,1.7
1,92,9200,car,932.271,1005.118,-10.568,0.472,3.097,3.61,1.7
1,93,9300,car,931.214,1005.171,-10.575,0.516,3.093,3.61,1.7
1,94,9400,car,930.157,1005.227,-10.578,0.558,3.089,3.61,1.7
1,95,9500,car,929.099,1005.288,-10.579,0.598,3.085,3.61,1.7
1,96,9600,car,928.042,1005.352,-10.577,0.636,3.082,3.61,1.7
1,97,9700,car,926.984,1005.419,-10.573,0.672,3.078,3.61,1.7
1,98,9800,car,925.927,1005.491,-10.568,0.705,3.075,3.61,1.7
1,99,9900,car,924.871,1005.565,-10.564,0.737,3.072,3.61,1.7
1,100,10000,car,923.814,1005.642,-10.562,0.766,3.069,3.61,1.7
1,101,10100,car,922.758,1005.722,-10.563,0.793,3.067,3.61,1.7
1,102,10200,car,921.702,1005.804,-10.566,0.817,3.064,3.61,1.7
1,103,10300,car,920.646,1005.888,-10.574,0.839,3.062,3.61,1.7
1,104,10400,car,919.589,1005.974,-10.585,0.857,3.061,3.61,1.7
1,105,10500,car,918.53,1006.061,-10.599,0.873,3.059,3.61,1.7
1,106,10600,car,917.471,1006.15,-10.617,0.887,3.058,3.61,1.7
1,107,10700,car,916.409,1006.24,-10.636,0.898,3.057,3.61,1.7
1,108,10800,car,915.345,1006.33,-10.657,0.906,3.057,3.61,1.7
1,109,10900,car,914.28,1006.421,-10.679,0.913,3.056,3.61,1.7
1,110,11000,car,913.212,1006.513,-10.702,0.917,3.056,3.61,1.7
1,111,11100,car,912.142,1006.605,-10.726,0.92,3.056,3.61,1.7
1,112,11200,car,911.069,1006.697,-10.75,0.92,3.056,3.61,1.7
1,113,11300,car,909.994,1006.788,-10.775,0.919,3.056,3.61,1.7
1,114,11400,car,908.916,1006.88,-10.802,0.917,3.057,3.61,1.7
1,115,11500,car,907.836,1006.971,-10.83,0.913,3.057,3.61,1.7
1,116,11600,car,906.753,1007.061,-10.86,0.908,3.058,3.61,1.7
1,117,11700,car,905.667,1007.151,-10.89,0.901,3.059,3.61,1.7
1,118,11800,car,904.578,1007.24,-10.92,0.893,3.06,3.61,1.7
1,119,11900,car,903.486,1007.328,-10.95,0.884,3.061,3.61,1.7
1,120,12000,car,902.391,1007.415,-10.979,0.874,3.062,3.61,1.7
1,121,12100,car,901.293,1007.501,-11.005,0.864,3.063,3.61,1.7
1,122,12200,car,900.192,1007.586,-11.028,0.853,3.064,3.61,1.7
1,123,12300,car,899.089,1007.67,-11.045,0.841,3.066,3.61,1.7
1,124,12400,car,897.985,1007.752,-11.058,0.83,3.067,3.61,1.7
1,125,12500,car,896.879,1007.834,-11.066,0.818,3.068,3.61,1.7
1,126,12600,car,895.772,1007.914,-11.07,0.806,3.069,3.61,1.7
1,127,12700,car,894.665,1007.994,-11.07,0.794,3.07,3.61,1.7
2,33,3300,car,1011.58,1003.148,-8.829,1.694,2.952,4.14,1.72
2,34,3400,car,1010.695,1003.31,-8.855,1.646,2.958,4.14,1.72
2,35,3500,car,1009.808,1003.467,-8.89,1.595,2.964,4.14,1.72
2,36,3600,car,1008.918,1003.619,-8.935,1.54,2.971,4.14,1.72
2,37,3700,car,1008.023,1003.764,-8.989,1.482,2.978,4.14,1.72
2,38,3800,car,1007.122,1003.903,-9.052,1.419,2.986,4.14,1.72
2,39,3900,car,1006.215,1004.035,-9.121,1.354,2.994,4.14,1.72
2,40,4000,car,1005.302,1004.16,-9.196,1.286,3.003,4.14,1.72
2,41,4100,car,1004.38,1004.279,-9.277,1.218,3.011,4.14,1.72
2,42,4200,car,1003.451,1004.39,-9.361,1.148,3.02,4.14,1.72
2,43,4300,car,1002.514,1004.495,-9.447,1.081,3.028,4.14,1.72
2,44,4400,car,1001.568,1004.594,-9.534,1.016,3.035,4.14,1.72
2,45,4500,car,1000.614,1004.687,-9.62,0.954,3.043,4.14,1.72
2,46,4600,car,999.651,1004.774,-9.705,0.898,3.049,4.14,1.72
2,47,4700,car,998.68,1004.857,-9.786,0.848,3.055,4.14,1.72
2,48,4800,car,997.701,1004.935,-9.863,0.803,3.06,4.14,1.72
2,49,4900,car,996.714,1005.01,-9.935,0.765,3.065,4.14,1.72
2,50,5000,car,995.72,1005.082,-10.001,0.733,3.068,4.14,1.72
2,51,5100,car,994.72,1005.151,-10.059,0.706,3.071,4.14,1.72
2,52,5200,car,993.714,1005.218,-10.11,0.684,3.074,4.14,1.72
2,53,5300,car,992.702,1005.284,-10.153,0.664,3.076,4.14,1.72
2,54,5400,car,991.687,1005.348,-10.189,0.647,3.078,4.14,1.72
2,55,5500,car,990.668,1005.41,-10.218,0.63,3.08,4.14,1.72
2,56,5600,car,989.646,1005.471,-10.241,0.612,3.082,4.14,1.72
2,57,5700,car,988.622,1005.529,-10.258,0.592,3.084,4.14,1.72
2,58,5800,car,987.596,1005.586,-10.271,0.57,3.086,4.14,1.72
2,59,5900,car,986.568,1005.64,-10.281,0.543,3.089,4.14,1.72
2,60,6000,car,985.54,1005.69,-10.288,0.512,3.092,4.14,1.72
2,61,6100,car,984.511,1005.737,-10.294,0.477,3.095,4.14,1.72
2,62,6200,car,983.481,1005.78,-10.299,0.436,3.099,4.14,1.72
2,63,6300,car,982.451,1005.818,-10.303,0.391,3.104,4.14,1.72
2,64,6400,car,981.421,1005.851,-10.307,0.34,3.109,4.14,1.72
2,65,6500,car,980.39,1005.879,-10.311,0.286,3.114,4.14,1.72
2,66,6600,car,979.358,1005.9,-10.315,0.228,3.119,4.14,1.72
2,67,6700,car,978.327,1005.916,-10.319,0.168,3.125,4.14,1.72
2,68,6800,car,977.295,1005.925,-10.323,0.106,3.131,4.14,1.72
2,69,6900,car,976.262,1005.929,-10.326,0.043,3.137,4.14,1.72
2,70,7000,car,975.23,1005.926,-10.328,-0.019,-3.14,4.14,1.72
2,71,7100,car,974.197,1005.916,-10.33,-0.08,-3.134,4.14,1.72
2,72,7200,car,973.164,1005.901,-10.331,-0.139,-3.128,4.14,1.72
2,73,7300,car,972.131,1005.881,-10.331,-0.194,-3.123,4.14,1.72
2,74,7400,car,971.098,1005.856,-10.329,-0.244,-3.118,4.14,1.72
2,75,7500,car,970.065,1005.826,-10.324,-0.288,-3.114,4.14,1.72
2,76,7600,car,969.033,1005.793,-10.317,-0.326,-3.11,4.14,1.72
2,77,7700,car,968.001,1005.756,-10.308,-0.357,-3.107,4.14,1.72
2,78,7800,car,966.971,1005.718,-10.297,-0.38,-3.105,4.14,1.72
2,79,7900,car,965.941,1005.678,-10.284,-0.395,-3.103,4.14,1.72
2,80,8000,car,964.913,1005.637,-10.269,-0.403,-3.102,4.14,1.72
2,81,8100,car,963.886,1005.597,-10.253,-0.403,-3.102,4.14,1.72
2,82,8200,car,962.86,1005.557,-10.237,-0.397,-3.103,4.14,1.72
2,83,8300,car,961.836,1005.519,-10.219,-0.386,-3.104,4.14,1.72
2,84,8400,car,960.814,1005.482,-10.202,-0.372,-3.105,4.14,1.72
2,85,8500,car,959.794,1005.447,-10.185,-0.355,-3.107,4.14,1.72
2,86,8600,car,958.775,1005.413,-10.168,-0.338,-3.108,4.14,1.72
2,87,8700,car,957.759,1005.382,-10.153,-0.32,-3.11,4.14,1.72
2,88,8800,car,956.743,1005.352,-10.138,-0.304,-3.112,4.14,1.72
2,89,8900,car,955.729,1005.323,-10.125,-0.289,-3.113,4.14,1.72
2,90,9000,car,954.717,1005.295,-10.114,-0.277,-3.114,4.14,1.72
2,91,9100,car,953.705,1005.269,-10.104,-0.266,-3.115,4.14,1.72
2,92,9200,car,952.695,1005.243,-10.097,-0.258,-3.116,4.14,1.72
2,93,9300,car,951.685,1005.218,-10.093,-0.251,-3.117,4.14,1.72
2,94,9400,car,950.676,1005.194,-10.092,-0.244,-3.117,4.14,1.72
2,95,9500,car,949.667,1005.171,-10.095,-0.237,-3.118,4.14,1.72
2,96,9600,car,948.657,1005.148,-10.102,-0.229,-3.119,4.14,1.72
2,97,9700,car,947.647,1005.126,-10.113,-0.219,-3.12,4.14,1.72
2,98,9800,car,946.636,1005.106,-10.127,-0.207,-3.121,4.14,1.72
2,99,9900,car,945.623,1005.087,-10.144,-0.191,-3.123,4.14,1.72
2,100,10000,car,944.608,1005.07,-10.164,-0.171,-3.125,4.14,1.72
2,101,10100,car,943.592,1005.056,-10.186,-0.147,-3.127,4.14,1.72
2,102,10200,car,942.573,1005.045,-10.208,-0.119,-3.13,4.14,1.72
2,103,10300,car,941.552,1005.037,-10.232,-0.086,-3.133,4.14,1.72
2,104,10400,car,940.529,1005.033,-10.255,-0.05,-3.137,4.14,1.72
2,105,10500,car,939.504,1005.032,-10.279,-0.01,-3.141,4.14,1.72
2,106,10600,car,938.476,1005.036,-10.303,0.032,3.139,4.14,1.72
2,107,10700,car,937.445,1005.045,-10.328,0.076,3.134,4.14,1.72
2,108,10800,car,936.413,1005.058,-10.353,0.122,3.13,4.14,1.72
2,109,10900,car,935.377,1005.075,-10.38,0.169,3.125,4.14,1.72
2,110,11000,car,934.339,1005.098,-10.408,0.216,3.121,4.14,1.72
2,111,11100,car,933.299,1005.125,-10.438,0.263,3.116,4.14,1.72
2,112,11200,car,932.255,1005.156,-10.47,0.309,3.112,4.14,1.72
2,113,11300,car,931.208,1005.193,-10.503,0.356,3.108,4.14,1.72
2,114,11400,car,930.158,1005.233,-10.538,0.402,3.103,4.14,1.72
2,115,11500,car,929.105,1005.279,-10.573,0.447,3.099,4.14,1.72
2,116,11600,car,928.048,1005.328,-10.609,0.492,3.095,4.14,1.72
2,117,11700,car,926.987,1005.383,-10.644,0.536,3.091,4.14,1.72
2,118,11800,car,925.923,1005.441,-10.679,0.579,3.087,4.14,1.72
2,119,11900,car,924.855,1005.503,-10.714,0.621,3.084,4.14,1.72
2,120,12000,car,923.784,1005.57,-10.748,0.662,3.08,4.14,1.72
2,121,12100,car,922.71,1005.64,-10.781,0.702,3.077,4.14,1.72
2,122,12200,car,921.632,1005.715,-10.814,0.739,3.073,4.14,1.72
2,123,12300,car,920.551,1005.792,-10.846,0.775,3.07,4.14,1.72
2,124,12400,car,919.466,1005.873,-10.877,0.809,3.067,4.14,1.72
2,125,12500,car,918.379,1005.958,-10.907,0.841,3.065,4.14,1.72
2,126,12600,car,917.288,1006.045,-10.937,0.87,3.062,4.14,1.72
2,127,12700,car,916.195,1006.135,-10.966,0.897,3.06,4.14,1.72
2,128,12800,car,915.099,1006.227,-10.994,0.922,3.058,4.14,1.72
2,129,12900,car,913.999,1006.321,-11.021,0.943,3.056,4.14,1.72
2,130,13000,car,912.897,1006.417,-11.048,0.961,3.055,4.14,1.72
2,131,13100,car,911.793,1006.515,-11.076,0.976,3.054,4.14,1.72
2,132,13200,car,910.685,1006.613,-11.103,0.988,3.053,4.14,1.72
2,133,13300,car,909.575,1006.713,-11.132,0.997,3.052,4.14,1.72
2,134,13400,car,908.462,1006.813,-11.161,1.003,3.052,4.14,1.72
2,135,13500,car,907.346,1006.913,-11.192,1.005,3.052,4.14,1.72
2,136,13600,car,906.226,1007.013,-11.224,1.005,3.052,4.14,1.72
2,137,13700,car,905.104,1007.113,-11.256,1.003,3.053,4.14,1.72
2,138,13800,car,903.978,1007.213,-11.287,0.999,3.053,4.14,1.72
2,139,13900,car,902.85,1007.312,-11.317,0.994,3.054,4.14,1.72
2,140,14000,car,901.718,1007.411,-11.345,0.987,3.055,4.14,1.72
2,141,14100,car,900.583,1007.508,-11.368,0.981,3.056,4.14,1.72
2,142,14200,car,899.446,1007.605,-11.386,0.973,3.056,4.14,1.72
2,143,14300,car,898.308,1007.702,-11.4,0.966,3.057,4.14,1.72
2,144,14400,car,897.168,1007.798,-11.407,0.959,3.058,4.14,1.72
2,145,14500,car,896.027,1007.893,-11.411,0.951,3.058,4.14,1.72
2,146,14600,car,894.886,1007.987,-11.411,0.943,3.059,4.14,1.72
3,44,4400,car,1011.701,1002.9,-8.893,1.381,2.988,4.06,1.74
3,45,4500,car,1010.811,1003.034,-8.907,1.356,2.991,4.06,1.74
3,46,4600,car,1009.92,1003.166,-8.923,1.328,2.994,4.06,1.74
3,47,4700,car,1009.027,1003.294,-8.938,1.297,2.997,4.06,1.74
3,48,4800,car,1008.133,1003.419,-8.953,1.264,3.001,4.06,1.74
3,49,4900,car,1007.237,1003.541,-8.968,1.229,3.005,4.06,1.74
3,50,5000,car,1006.339,1003.659,-8.983,1.191,3.01,4.06,1.74
3,51,5100,car,1005.44,1003.772,-8.999,1.153,3.014,4.06,1.74
3,52,5200,car,1004.539,1003.882,-9.016,1.113,3.019,4.06,1.74
3,53,5300,car,1003.637,1003.988,-9.036,1.074,3.023,4.06,1.74
3,54,5400,car,1002.733,1004.09,-9.058,1.035,3.028,4.06,1.74
3,55,5500,car,1001.826,1004.188,-9.084,0.997,3.032,4.06,1.74
3,56,5600,car,1000.918,1004.282,-9.112,0.961,3.037,4.06,1.74
3,57,5700,car,1000.006,1004.373,-9.144,0.926,3.041,4.06,1.74
3,58,5800,car,999.091,1004.461,-9.179,0.893,3.045,4.06,1.74
3,59,5900,car,998.173,1004.546,-9.217,0.863,3.048,4.06,1.74
3,60,6000,car,997.251,1004.628,-9.258,0.833,3.052,4.06,1.74
3,61,6100,car,996.324,1004.707,-9.302,0.806,3.055,4.06,1.74
3,62,6200,car,995.394,1004.783,-9.348,0.779,3.058,4.06,1.74
3,63,6300,car,994.459,1004.857,-9.396,0.753,3.062,4.06,1.74
3,64,6400,car,993.519,1004.929,-9.445,0.727,3.065,4.06,1.74
3,65,6500,car,992.574,1004.997,-9.495,0.7,3.068,4.06,1.74
3,66,6600,car,991.624,1005.064,-9.546,0.674,3.071,4.06,1.74
3,67,6700,car,990.669,1005.127,-9.598,0.647,3.074,4.06,1.74
3,68,6800,car,989.709,1005.188,-9.649,0.619,3.078,4.06,1.74
3,69,6900,car,988.744,1005.245,-9.701,0.59,3.081,4.06,1.74
3,70,7000,car,987.774,1005.3,-9.752,0.56,3.084,4.06,1.74
3,71,7100,car,986.798,1005.352,-9.803,0.529,3.088,4.06,1.74
3,72,7200,car,985.818,1005.401,-9.852,0.496,3.091,4.06,1.74
3,73,7300,car,984.832,1005.446,-9.9,0.463,3.095,4.06,1.74
3,74,7400,car,983.842,1005.487,-9.946,0.427,3.099,4.06,1.74
3,75,7500,car,982.847,1005.525,-9.99,0.39,3.103,4.06,1.74
3,76,7600,car,981.848,1005.559,-10.032,0.351,3.107,4.06,1.74
3,77,7700,car,980.845,1005.589,-10.071,0.309,3.111,4.06,1.74
3,78,7800,car,979.838,1005.615,-10.107,0.265,3.115,4.06,1.74
3,79,7900,car,978.827,1005.635,-10.142,0.218,3.12,4.06,1.74
3,80,8000,car,977.813,1005.651,-10.173,0.169,3.125,4.06,1.74
3,81,8100,car,976.795,1005.662,-10.203,0.117,3.13,4.06,1.74
3,82,8200,car,975.775,1005.667,-10.229,0.063,3.135,4.06,1.74
3,83,8300,car,974.752,1005.666,-10.253,0.008,3.141,4.06,1.74
3,84,8400,car,973.727,1005.661,-10.273,-0.048,-3.137,4.06,1.74
3,85,8500,car,972.699,1005.649,-10.29,-0.104,-3.131,4.06,1.74
3,86,8600,car,971.67,1005.632,-10.303,-0.16,-3.126,4.06,1.74
3,87,8700,car,970.64,1005.61,-10.313,-0.214,-3.121,4.06,1.74
3,88,8800,car,969.609,1005.582,-10.319,-0.265,-3.116,4.06,1.74
3,89,8900,car,968.577,1005.55,-10.322,-0.314,-3.111,4.06,1.74
3,90,9000,car,967.545,1005.513,-10.322,-0.359,-3.107,4.06,1.74
3,91,9100,car,966.513,1005.472,-10.322,-0.4,-3.103,4.06,1.74
3,92,9200,car,965.481,1005.428,-10.32,-0.437,-3.099,4.06,1.74
3,93,9300,car,964.45,1005.38,-10.319,-0.469,-3.096,4.06,1.74
3,94,9400,car,963.418,1005.33,-10.318,-0.497,-3.093,4.06,1.74
3,95,9500,car,962.386,1005.278,-10.318,-0.519,-3.091,4.06,1.74
3,96,9600,car,961.354,1005.224,-10.319,-0.537,-3.09,4.06,1.74
3,97,9700,car,960.323,1005.169,-10.321,-0.548,-3.089,4.06,1.74
3,98,9800,car,959.29,1005.113,-10.323,-0.553,-3.088,4.06,1.74
3,99,9900,car,958.258,1005.058,-10.325,-0.552,-3.088,4.06,1.74
3,100,10000,car,957.226,1005.004,-10.325,-0.544,-3.089,4.06,1.74
3,101,10100,car,956.193,1004.951,-10.324,-0.529,-3.09,4.06,1.74
3,102,10200,car,955.16,1004.901,-10.32,-0.507,-3.093,4.06,1.74
3,103,10300,car,954.128,1004.854,-10.313,-0.477,-3.095,4.06,1.74
3,104,10400,car,953.097,1004.81,-10.303,-0.44,-3.099,4.06,1.74
3,105,10500,car,952.066,1004.771,-10.289,-0.398,-3.103,4.06,1.74
3,106,10600,car,951.037,1004.737,-10.271,-0.35,-3.108,4.06,1.74
3,107,10700,car,950.01,1004.709,-10.25,-0.298,-3.113,4.06,1.74
3,108,10800,car,948.984,1004.685,-10.227,-0.244,-3.118,4.06,1.74
3,109,10900,car,947.962,1004.667,-10.202,-0.189,-3.123,4.06,1.74
3,110,11000,car,946.941,1004.655,-10.177,-0.134,-3.128,4.06,1.74
3,111,11100,car,945.924,1004.648,-10.152,-0.081,-3.134,4.06,1.74
3,112,11200,car,944.908,1004.646,-10.129,-0.03,-3.139,4.06,1.74
3,113,11300,car,943.895,1004.649,-10.108,0.018,3.14,4.06,1.74
3,114,11400,car,942.885,1004.656,-10.09,0.063,3.135,4.06,1.74
3,115,11500,car,941.876,1004.668,-10.075,0.105,3.131,4.06,1.74
3,116,11600,car,940.868,1004.683,-10.063,0.145,3.127,4.06,1.74
3,117,11700,car,939.862,1004.702,-10.054,0.182,3.123,4.06,1.74
3,118,11800,car,938.857,1004.725,-10.048,0.218,3.12,4.06,1.74
3,119,11900,car,937.852,1004.751,-10.043,0.253,3.116,4.06,1.74
3,120,12000,car,936.848,1004.78,-10.04,0.288,3.113,4.06,1.74
3,121,12100,car,935.844,1004.813,-10.038,0.322,3.11,4.06,1.74
3,122,12200,car,934.84,1004.85,-10.038,0.357,3.106,4.06,1.74
3,123,12300,car,933.837,1004.89,-10.038,0.393,3.102,4.06,1.74
3,124,12400,car,932.833,1004.934,-10.039,0.43,3.099,4.06,1.74
3,125,12500,car,931.829,1004.981,-10.041,0.468,3.095,4.06,1.74
3,126,12600,car,930.826,1005.033,-10.045,0.506,3.091,4.06,1.74
3,127,12700,car,929.821,1005.088,-10.052,0.545,3.087,4.06,1.74
3,128,12800,car,928.816,1005.147,-10.061,0.584,3.084,4.06,1.74
3,129,12900,car,927.811,1005.211,-10.075,0.624,3.08,4.06,1.74
3,130,13000,car,926.803,1005.277,-10.093,0.663,3.076,4.06,1.74
3,131,13100,car,925.794,1005.348,-10.116,0.701,3.072,4.06,1.74
3,132,13200,car,924.783,1005.422,-10.145,0.737,3.069,4.06,1.74
3,133,13300,car,923.769,1005.5,-10.18,0.772,3.066,4.06,1.74
3,134,13400,car,922.751,1005.581,-10.221,0.805,3.063,4.06,1.74
3,135,13500,car,921.729,1005.664,-10.267,0.835,3.06,4.06,1.74
3,136,13600,car,920.703,1005.751,-10.321,0.862,3.058,4.06,1.74
3,137,13700,car,919.671,1005.839,-10.38,0.885,3.057,4.06,1.74
3,138,13800,car,918.633,1005.929,-10.444,0.905,3.055,4.06,1.74
3,139,13900,car,917.589,1006.021,-10.513,0.921,3.054,4.06,1.74
3,140,14000,car,916.537,1006.114,-10.587,0.933,3.054,4.06,1.74
3,141,14100,car,915.479,1006.207,-10.664,0.941,3.054,4.06,1.74
3,142,14200,car,914.412,1006.301,-10.744,0.945,3.054,4.06,1.74
3,143,14300,car,913.338,1006.395,-10.826,0.946,3.054,4.06,1.74
3,144,14400,car,912.255,1006.489,-10.908,0.944,3.055,4.06,1.74
3,145,14500,car,911.164,1006.582,-10.99,0.94,3.056,4.06,1.74
3,146,14600,car,910.065,1006.674,-11.07,0.933,3.057,4.06,1.74
3,147,14700,car,908.958,1006.766,-11.147,0.926,3.059,4.06,1.74
3,148,14800,car,907.843,1006.857,-11.22,0.918,3.06,4.06,1.74
3,149,14900,car,906.721,1006.948,-11.288,0.91,3.061,4.06,1.74
3,150,15000,car,905.592,1007.037,-11.351,0.902,3.062,4.06,1.74
3,151,15100,car,904.457,1007.126,-11.407,0.896,3.063,4.06,1.74
3,152,15200,car,903.316,1007.215,-11.455,0.891,3.064,4.06,1.74
3,153,15300,car,902.171,1007.303,-11.494,0.887,3.065,4.06,1.74
3,154,15400,car,901.021,1007.391,-11.526,0.884,3.065,4.06,1.74
3,155,15500,car,899.868,1007.479,-11.548,0.883,3.065,4.06,1.74
3,156,15600,car,898.714,1007.568,-11.563,0.882,3.065,4.06,1.74
3,157,15700,car,897.557,1007.656,-11.572,0.881,3.066,4.06,1.74
3,158,15800,car,896.4,1007.743,-11.575,0.88,3.066,4.06,1.74
3,159,15900,car,895.243,1007.831,-11.575,0.879,3.066,4.06,1.74
4,74,7400,car,1011.405,1003.088,-9.484,2.018,2.932,4,1.7
4,75,7500,car,1010.455,1003.283,-9.5,1.97,2.937,4,1.7
4,76,7600,car,1009.504,1003.473,-9.512,1.915,2.943,4,1.7
4,77,7700,car,1008.551,1003.657,-9.519,1.854,2.949,4,1.7
4,78,7800,car,1007.597,1003.834,-9.521,1.788,2.956,4,1.7
4,79,7900,car,1006.644,1004.004,-9.519,1.716,2.963,4,1.7
4,80,8000,car,1005.69,1004.167,-9.515,1.64,2.971,4,1.7
4,81,8100,car,1004.737,1004.321,-9.508,1.561,2.979,4,1.7
4,82,8200,car,1003.784,1004.467,-9.501,1.479,2.987,4,1.7
4,83,8300,car,1002.833,1004.605,-9.492,1.396,2.996,4,1.7
4,84,8400,car,1001.882,1004.734,-9.483,1.312,3.004,4,1.7
4,85,8500,car,1000.932,1004.855,-9.473,1.228,3.013,4,1.7
4,86,8600,car,999.983,1004.967,-9.462,1.145,3.021,4,1.7
4,87,8700,car,999.036,1005.071,-9.45,1.065,3.029,4,1.7
4,88,8800,car,998.09,1005.168,-9.437,0.987,3.037,4,1.7
4,89,8900,car,997.145,1005.257,-9.424,0.911,3.045,4,1.7
4,90,9000,car,996.202,1005.339,-9.41,0.839,3.053,4,1.7
4,91,9100,car,995.261,1005.414,-9.396,0.77,3.06,4,1.7
4,92,9200,car,994.32,1005.483,-9.382,0.704,3.067,4,1.7
4,93,9300,car,993.381,1005.545,-9.367,0.641,3.073,4,1.7
4,94,9400,car,992.444,1005.602,-9.351,0.581,3.08,4,1.7
4,95,9500,car,991.509,1005.653,-9.335,0.523,3.086,4,1.7
4,96,9600,car,990.575,1005.698,-9.318,0.467,3.092,4,1.7
4,97,9700,car,989.643,1005.737,-9.301,0.412,3.097,4,1.7
4,98,9800,car,988.712,1005.772,-9.282,0.36,3.103,4,1.7
4,99,9900,car,987.784,1005.801,-9.263,0.31,3.108,4,1.7
4,100,10000,car,986.857,1005.826,-9.243,0.262,3.113,4,1.7
4,101,10100,car,985.933,1005.846,-9.223,0.217,3.118,4,1.7
4,102,10200,car,985.01,1005.862,-9.202,0.174,3.123,4,1.7
4,103,10300,car,984.09,1005.874,-9.181,0.134,3.127,4,1.7
4,104,10400,car,983.172,1005.883,-9.159,0.097,3.131,4,1.7
4,105,10500,car,982.256,1005.888,-9.138,0.063,3.135,4,1.7
4,106,10600,car,981.342,1005.89,-9.117,0.031,3.138,4,1.7
4,107,10700,car,980.431,1005.889,-9.098,0.002,3.141,4,1.7
4,108,10800,car,979.521,1005.886,-9.08,-0.025,-3.139,4,1.7
4,109,10900,car,978.613,1005.88,-9.064,-0.05,-3.136,4,1.7
4,110,11000,car,977.706,1005.872,-9.051,-0.073,-3.134,4,1.7
4,111,11100,car,976.801,1005.862,-9.04,-0.095,-3.131,4,1.7
4,112,11200,car,975.897,1005.849,-9.033,-0.116,-3.129,4,1.7
4,113,11300,car,974.994,1005.835,-9.028,-0.136,-3.126,4,1.7
4,114,11400,car,974.091,1005.819,-9.026,-0.156,-3.124,4,1.7
4,115,11500,car,973.189,1005.8,-9.028,-0.176,-3.122,4,1.7
4,116,11600,car,972.286,1005.78,-9.032,-0.195,-3.12,4,1.7
4,117,11700,car,971.383,1005.758,-9.04,-0.213,-3.118,4,1.7
4,118,11800,car,970.479,1005.735,-9.051,-0.23,-3.116,4,1.7
4,119,11900,car,969.574,1005.71,-9.065,-0.245,-3.115,4,1.7
4,120,12000,car,968.667,1005.683,-9.082,-0.259,-3.113,4,1.7
4,121,12100,car,967.759,1005.656,-9.102,-0.271,-3.112,4,1.7
4,122,12200,car,966.849,1005.628,-9.124,-0.281,-3.111,4,1.7
4,123,12300,car,965.937,1005.599,-9.149,-0.288,-3.11,4,1.7
4,124,12400,car,965.022,1005.569,-9.177,-0.292,-3.11,4,1.7
4,125,12500,car,964.104,1005.54,-9.207,-0.295,-3.11,4,1.7
4,126,12600,car,963.184,1005.51,-9.239,-0.295,-3.11,4,1.7
4,127,12700,car,962.26,1005.481,-9.274,-0.294,-3.11,4,1.7
4,128,12800,car,961.332,1005.452,-9.312,-0.291,-3.11,4,1.7
4,129,12900,car,960.401,1005.424,-9.353,-0.287,-3.111,4,1.7
4,130,13000,car,959.466,1005.396,-9.396,-0.283,-3.112,4,1.7
4,131,13100,car,958.526,1005.368,-9.442,-0.278,-3.112,4,1.7
4,132,13200,car,957.582,1005.342,-9.49,-0.273,-3.113,4,1.7
4,133,13300,car,956.633,1005.315,-9.541,-0.268,-3.113,4,1.7
4,134,13400,car,955.679,1005.289,-9.594,-0.263,-3.114,4,1.7
4,135,13500,car,954.719,1005.264,-9.648,-0.258,-3.115,4,1.7
4,136,13600,car,953.754,1005.239,-9.701,-0.252,-3.116,4,1.7
4,137,13700,car,952.784,1005.215,-9.754,-0.245,-3.116,4,1.7
4,138,13800,car,951.809,1005.191,-9.804,-0.235,-3.118,4,1.7
4,139,13900,car,950.828,1005.17,-9.85,-0.223,-3.119,4,1.7
4,140,14000,car,949.843,1005.149,-9.892,-0.207,-3.121,4,1.7
4,141,14100,car,948.854,1005.131,-9.926,-0.186,-3.123,4,1.7
4,142,14200,car,947.861,1005.116,-9.952,-0.161,-3.125,4,1.7
4,143,14300,car,946.866,1005.103,-9.97,-0.131,-3.128,4,1.7
4,144,14400,car,945.869,1005.095,-9.977,-0.096,-3.132,4,1.7
4,145,14500,car,944.871,1005.09,-9.973,-0.056,-3.136,4,1.7
4,146,14600,car,943.874,1005.09,-9.957,-0.013,-3.14,4,1.7
4,147,14700,car,942.878,1005.094,-9.93,0.033,3.138,4,1.7
4,148,14800,car,941.885,1005.103,-9.891,0.08,3.134,4,1.7
4,149,14900,car,940.896,1005.117,-9.842,0.127,3.129,4,1.7
4,150,15000,car,939.912,1005.136,-9.782,0.173,3.124,4,1.7
4,151,15100,car,938.934,1005.159,-9.714,0.217,3.119,4,1.7
4,152,15200,car,937.963,1005.186,-9.639,0.257,3.115,4,1.7
4,153,15300,car,936.999,1005.217,-9.558,0.294,3.111,4,1.7
4,154,15400,car,936.043,1005.25,-9.475,0.326,3.107,4,1.7
4,155,15500,car,935.096,1005.287,-9.392,0.353,3.104,4,1.7
4,156,15600,car,934.157,1005.326,-9.31,0.376,3.101,4,1.7
4,157,15700,car,933.226,1005.366,-9.233,0.395,3.099,4,1.7
4,158,15800,car,932.303,1005.408,-9.162,0.41,3.097,4,1.7
4,159,15900,car,931.387,1005.451,-9.098,0.423,3.095,4,1.7
4,160,16000,car,930.477,1005.495,-9.044,0.433,3.094,4,1.7
4,161,16100,car,929.572,1005.54,-8.999,0.442,3.093,4,1.7
4,162,16200,car,928.673,1005.585,-8.965,0.45,3.091,4,1.7
4,163,16300,car,927.776,1005.631,-8.942,0.459,3.09,4,1.7
4,164,16400,car,926.882,1005.679,-8.93,0.469,3.089,4,1.7
4,165,16500,car,925.989,1005.727,-8.929,0.48,3.088,4,1.7
4,166,16600,car,925.096,1005.777,-8.939,0.493,3.086,4,1.7
4,167,16700,car,924.203,1005.828,-8.96,0.508,3.085,4,1.7
4,168,16800,car,923.307,1005.881,-8.992,0.525,3.083,4,1.7
4,169,16900,car,922.408,1005.936,-9.033,0.544,3.081,4,1.7
4,170,17000,car,921.505,1005.992,-9.084,0.564,3.08,4,1.7
4,171,17100,car,920.596,1006.051,-9.144,0.585,3.078,4,1.7
4,172,17200,car,919.682,1006.112,-9.212,0.607,3.076,4,1.7
4,173,17300,car,918.761,1006.175,-9.285,0.629,3.074,4,1.7
4,174,17400,car,917.833,1006.24,-9.363,0.65,3.072,4,1.7
4,175,17500,car,916.896,1006.307,-9.445,0.67,3.071,4,1.7
4,176,17600,car,915.952,1006.375,-9.529,0.688,3.07,4,1.7
4,177,17700,car,914.999,1006.445,-9.613,0.703,3.069,4,1.7
4,178,17800,car,914.038,1006.516,-9.698,0.717,3.068,4,1.7
4,179,17900,car,913.068,1006.589,-9.783,0.728,3.067,4,1.7
4,180,18000,car,912.09,1006.662,-9.867,0.736,3.067,4,1.7
4,181,18100,car,911.103,1006.735,-9.95,0.742,3.067,4,1.7
4,182,18200,car,910.108,1006.809,-10.031,0.746,3.067,4,1.7
4,183,18300,car,909.105,1006.884,-10.109,0.748,3.068,4,1.7
4,184,18400,car,908.094,1006.958,-10.186,0.748,3.068,4,1.7
4,185,18500,car,907.075,1007.032,-10.258,0.749,3.069,4,1.7
4,186,18600,car,906.05,1007.106,-10.326,0.748,3.069,4,1.7
4,187,18700,car,905.017,1007.181,-10.389,0.748,3.07,4,1.7
4,188,18800,car,903.978,1007.255,-10.446,0.747,3.07,4,1.7
4,189,18900,car,902.933,1007.329,-10.495,0.747,3.071,4,1.7
4,190,19000,car,901.884,1007.403,-10.536,0.747,3.071,4,1.7
4,191,19100,car,900.83,1007.478,-10.568,0.747,3.071,4,1.7
4,192,19200,car,899.773,1007.552,-10.592,0.747,3.071,4,1.7
4,193,19300,car,898.714,1007.627,-10.607,0.747,3.071,4,1.7
4,194,19400,car,897.653,1007.701,-10.615,0.746,3.071,4,1.7
4,195,19500,car,896.592,1007.776,-10.618,0.746,3.071,4,1.7
4,196,19600,car,895.53,1007.85,-10.619,0.745,3.072,4,1.7
5,92,9200,car,1011.622,1002.995,-8.402,1.682,2.944,4.54,1.81
5,93,9300,car,1010.781,1003.16,-8.412,1.659,2.947,4.54,1.81
5,94,9400,car,1009.939,1003.321,-8.418,1.632,2.95,4.54,1.81
5,95,9500,car,1009.097,1003.48,-8.42,1.602,2.954,4.54,1.81
5,96,9600,car,1008.254,1003.635,-8.418,1.569,2.957,4.54,1.81
5,97,9700,car,1007.411,1003.786,-8.413,1.533,2.961,4.54,1.81
5,98,9800,car,1006.568,1003.934,-8.407,1.493,2.966,4.54,1.81
5,99,9900,car,1005.726,1004.077,-8.402,1.45,2.971,4.54,1.81
5,100,10000,car,1004.885,1004.215,-8.398,1.403,2.976,4.54,1.81
5,101,10100,car,1004.044,1004.347,-8.396,1.354,2.982,4.54,1.81
5,102,10200,car,1003.203,1004.475,-8.397,1.302,2.988,4.54,1.81
5,103,10300,car,1002.362,1004.596,-8.401,1.247,2.994,4.54,1.81
5,104,10400,car,1001.521,1004.712,-8.41,1.191,3.001,4.54,1.81
5,105,10500,car,1000.678,1004.822,-8.423,1.134,3.008,4.54,1.81
5,106,10600,car,999.835,1004.926,-8.44,1.077,3.015,4.54,1.81
5,107,10700,car,998.99,1005.025,-8.462,1.021,3.022,4.54,1.81
5,108,10800,car,998.142,1005.118,-8.488,0.966,3.028,4.54,1.81
5,109,10900,car,997.293,1005.206,-8.518,0.914,3.035,4.54,1.81
5,110,11000,car,996.44,1005.289,-8.553,0.864,3.041,4.54,1.81
5,111,11100,car,995.584,1005.367,-8.591,0.818,3.047,4.54,1.81
5,112,11200,car,994.724,1005.442,-8.632,0.775,3.052,4.54,1.81
5,113,11300,car,993.86,1005.513,-8.675,0.735,3.057,4.54,1.81
5,114,11400,car,992.992,1005.58,-8.72,0.698,3.062,4.54,1.81
5,115,11500,car,992.12,1005.644,-8.765,0.664,3.066,4.54,1.81
5,116,11600,car,991.243,1005.705,-8.809,0.632,3.07,4.54,1.81
5,117,11700,car,990.362,1005.763,-8.852,0.601,3.074,4.54,1.81
5,118,11800,car,989.476,1005.818,-8.893,0.571,3.077,4.54,1.81
5,119,11900,car,988.586,1005.87,-8.931,0.542,3.081,4.54,1.81
5,120,12000,car,987.693,1005.92,-8.966,0.511,3.085,4.54,1.81
5,121,12100,car,986.796,1005.966,-8.998,0.48,3.088,4.54,1.81
5,122,12200,car,985.896,1006.009,-9.027,0.446,3.092,4.54,1.81
5,123,12300,car,984.993,1006.048,-9.053,0.41,3.096,4.54,1.81
5,124,12400,car,984.088,1006.083,-9.078,0.372,3.101,4.54,1.81
5,125,12500,car,983.179,1006.114,-9.102,0.331,3.105,4.54,1.81
5,126,12600,car,982.269,1006.14,-9.127,0.287,3.11,4.54,1.81
5,127,12700,car,981.356,1006.162,-9.152,0.24,3.115,4.54,1.81
5,128,12800,car,980.441,1006.179,-9.18,0.191,3.121,4.54,1.81
5,129,12900,car,979.523,1006.19,-9.211,0.139,3.126,4.54,1.81
5,130,13000,car,978.601,1006.196,-9.247,0.086,3.132,4.54,1.81
5,131,13100,car,977.677,1006.197,-9.286,0.031,3.138,4.54,1.81
5,132,13200,car,976.748,1006.192,-9.33,-0.026,-3.139,4.54,1.81
5,133,13300,car,975.815,1006.181,-9.377,-0.082,-3.133,4.54,1.81
5,134,13400,car,974.878,1006.165,-9.427,-0.139,-3.127,4.54,1.81
5,135,13500,car,973.935,1006.143,-9.479,-0.196,-3.121,4.54,1.81
5,136,13600,car,972.987,1006.116,-9.53,-0.25,-3.115,4.54,1.81
5,137,13700,car,972.034,1006.084,-9.58,-0.303,-3.11,4.54,1.81
5,138,13800,car,971.077,1006.047,-9.628,-0.353,-3.105,4.54,1.81
5,139,13900,car,970.114,1006.005,-9.672,-0.398,-3.1,4.54,1.81
5,140,14000,car,969.147,1005.96,-9.712,-0.439,-3.096,4.54,1.81
5,141,14100,car,968.176,1005.911,-9.748,-0.474,-3.093,4.54,1.81
5,142,14200,car,967.201,1005.86,-9.779,-0.503,-3.09,4.54,1.81
5,143,14300,car,966.224,1005.807,-9.804,-0.524,-3.088,4.54,1.81
5,144,14400,car,965.243,1005.753,-9.825,-0.539,-3.087,4.54,1.81
5,145,14500,car,964.261,1005.698,-9.842,-0.546,-3.086,4.54,1.81
5,146,14600,car,963.276,1005.644,-9.854,-0.545,-3.086,4.54,1.81
5,147,14700,car,962.291,1005.59,-9.863,-0.538,-3.087,4.54,1.81
5,148,14800,car,961.304,1005.538,-9.868,-0.525,-3.088,4.54,1.81
5,149,14900,car,960.317,1005.488,-9.871,-0.506,-3.09,4.54,1.81
5,150,15000,car,959.33,1005.441,-9.871,-0.482,-3.093,4.54,1.81
5,151,15100,car,958.343,1005.397,-9.868,-0.454,-3.096,4.54,1.81
5,152,15200,car,957.356,1005.355,-9.862,-0.424,-3.099,4.54,1.81
5,153,15300,car,956.369,1005.317,-9.853,-0.391,-3.102,4.54,1.81
5,154,15400,car,955.384,1005.283,-9.84,-0.357,-3.105,4.54,1.81
5,155,15500,car,954.4,1005.252,-9.823,-0.323,-3.109,4.54,1.81
5,156,15600,car,953.417,1005.224,-9.801,-0.289,-3.112,4.54,1.81
5,157,15700,car,952.437,1005.199,-9.774,-0.256,-3.115,4.54,1.81
5,158,15800,car,951.46,1005.178,-9.743,-0.224,-3.119,4.54,1.81
5,159,15900,car,950.485,1005.16,-9.707,-0.194,-3.122,4.54,1.81
5,160,16000,car,949.514,1005.144,-9.669,-0.166,-3.124,4.54,1.81
5,161,16100,car,948.547,1005.131,-9.629,-0.139,-3.127,4.54,1.81
5,162,16200,car,947.585,1005.12,-9.588,-0.114,-3.13,4.54,1.81
5,163,16300,car,946.626,1005.112,-9.548,-0.091,-3.132,4.54,1.81
5,164,16400,car,945.671,1005.106,-9.511,-0.068,-3.134,4.54,1.81
5,165,16500,car,944.72,1005.102,-9.477,-0.047,-3.137,4.54,1.81
5,166,16600,car,943.772,1005.101,-9.446,-0.026,-3.139,4.54,1.81
5,167,16700,car,942.827,1005.101,-9.421,-0.005,-3.141,4.54,1.81
5,168,16800,car,941.885,1005.104,-9.4,0.017,3.14,4.54,1.81
5,169,16900,car,940.945,1005.109,-9.384,0.039,3.137,4.54,1.81
5,170,17000,car,940.007,1005.116,-9.373,0.063,3.135,4.54,1.81
5,171,17100,car,939.07,1005.126,-9.366,0.088,3.132,4.54,1.81
5,172,17200,car,938.133,1005.139,-9.364,0.116,3.129,4.54,1.81
5,173,17300,car,937.197,1005.154,-9.366,0.145,3.126,4.54,1.81
5,174,17400,car,936.26,1005.173,-9.374,0.176,3.123,4.54,1.81
5,175,17500,car,935.323,1005.196,-9.387,0.209,3.119,4.54,1.81
5,176,17600,car,934.384,1005.222,-9.406,0.244,3.116,4.54,1.81
5,177,17700,car,933.444,1005.251,-9.43,0.281,3.112,4.54,1.81
5,178,17800,car,932.501,1005.284,-9.46,0.318,3.108,4.54,1.81
5,179,17900,car,931.555,1005.321,-9.497,0.356,3.104,4.54,1.81
5,180,18000,car,930.606,1005.362,-9.538,0.395,3.1,4.54,1.81
5,181,18100,car,929.652,1005.407,-9.586,0.433,3.096,4.54,1.81
5,182,18200,car,928.694,1005.455,-9.638,0.47,3.093,4.54,1.81
5,183,18300,car,927.73,1005.506,-9.696,0.507,3.089,4.54,1.81
5,184,18400,car,926.761,1005.562,-9.757,0.542,3.086,4.54,1.81
5,185,18500,car,925.785,1005.62,-9.823,0.575,3.083,4.54,1.81
5,186,18600,car,924.803,1005.681,-9.89,0.606,3.08,4.54,1.81
5,187,18700,car,923.815,1005.745,-9.96,0.635,3.078,4.54,1.81
5,188,18800,car,922.819,1005.811,-10.03,0.661,3.076,4.54,1.81
5,189,18900,car,921.816,1005.88,-10.1,0.684,3.074,4.54,1.81
5,190,19000,car,920.806,1005.95,-10.167,0.704,3.072,4.54,1.81
5,191,19100,car,919.789,1006.022,-10.231,0.72,3.071,4.54,1.81
5,192,19200,car,918.766,1006.096,-10.29,0.734,3.07,4.54,1.81
5,193,19300,car,917.737,1006.17,-10.343,0.745,3.07,4.54,1.81
5,194,19400,car,916.703,1006.245,-10.389,0.752,3.069,4.54,1.81
5,195,19500,car,915.664,1006.321,-10.428,0.757,3.069,4.54,1.81
5,196,19600,car,914.622,1006.396,-10.458,0.759,3.069,4.54,1.81
5,197,19700,car,913.576,1006.472,-10.482,0.76,3.069,4.54,1.81
5,198,19800,car,912.527,1006.548,-10.498,0.758,3.069,4.54,1.81
5,199,19900,car,911.478,1006.623,-10.51,0.756,3.07,4.54,1.81
5,200,20000,car,910.427,1006.698,-10.517,0.752,3.07,4.54,1.81
5,201,20100,car,909.375,1006.773,-10.522,0.749,3.071,4.54,1.81
5,202,20200,car,908.323,1006.848,-10.525,0.746,3.071,4.54,1.81
5,203,20300,car,907.27,1006.922,-10.529,0.743,3.071,4.54,1.81
5,204,20400,car,906.217,1006.996,-10.534,0.741,3.071,4.54,1.81
5,205,20500,car,905.164,1007.07,-10.54,0.74,3.072,4.54,1.81
5,206,20600,car,904.11,1007.143,-10.547,0.739,3.072,4.54,1.81
5,207,20700,car,903.055,1007.217,-10.555,0.74,3.072,4.54,1.81
5,208,20800,car,902,1007.292,-10.564,0.741,3.072,4.54,1.81
5,209,20900,car,900.943,1007.366,-10.572,0.743,3.071,4.54,1.81
5,210,21000,car,899.886,1007.44,-10.579,0.745,3.071,4.54,1.81
5,211,21100,car,898.828,1007.515,-10.584,0.748,3.071,4.54,1.81
5,212,21200,car,897.77,1007.59,-10.587,0.75,3.071,4.54,1.81
5,213,21300,car,896.711,1007.665,-10.588,0.752,3.071,4.54,1.81
5,214,21400,car,895.652,1007.741,-10.588,0.754,3.07,4.54,1.81
6,108,10800,car,1011.438,1002.846,-8.461,1.427,2.974,4.47,1.78
6,109,10900,car,1010.591,1002.983,-8.475,1.396,2.978,4.47,1.78
6,110,11000,car,1009.743,1003.117,-8.489,1.361,2.983,4.47,1.78
6,111,11100,car,1008.893,1003.247,-8.503,1.323,2.987,4.47,1.78
6,112,11200,car,1008.042,1003.373,-8.52,1.282,2.992,4.47,1.78
6,113,11300,car,1007.189,1003.495,-8.539,1.239,2.998,4.47,1.78
6,114,11400,car,1006.334,1003.611,-8.564,1.194,3.003,4.47,1.78
6,115,11500,car,1005.476,1003.724,-8.594,1.149,3.009,4.47,1.78
6,116,11600,car,1004.616,1003.831,-8.631,1.103,3.014,4.47,1.78
6,117,11700,car,1003.752,1003.934,-8.675,1.058,3.02,4.47,1.78
6,118,11800,car,1002.883,1004.032,-8.724,1.015,3.026,4.47,1.78
6,119,11900,car,1002.01,1004.127,-8.779,0.973,3.031,4.47,1.78
6,120,12000,car,1001.131,1004.217,-8.839,0.933,3.036,4.47,1.78
6,121,12100,car,1000.247,1004.304,-8.902,0.895,3.041,4.47,1.78
6,122,12200,car,999.356,1004.388,-8.967,0.86,3.046,4.47,1.78
6,123,12300,car,998.459,1004.468,-9.032,0.828,3.05,4.47,1.78
6,124,12400,car,997.555,1004.545,-9.097,0.798,3.054,4.47,1.78
6,125,12500,car,996.645,1004.62,-9.161,0.77,3.058,4.47,1.78
6,126,12600,car,995.729,1004.693,-9.222,0.744,3.061,4.47,1.78
6,127,12700,car,994.806,1004.763,-9.28,0.719,3.064,4.47,1.78
6,128,12800,car,993.878,1004.831,-9.333,0.695,3.067,4.47,1.78
6,129,12900,car,992.944,1004.897,-9.382,0.673,3.07,4.47,1.78
6,130,13000,car,992.006,1004.961,-9.425,0.65,3.073,4.47,1.78
6,131,13100,car,991.063,1005.022,-9.462,0.627,3.075,4.47,1.78
6,132,13200,car,990.117,1005.081,-9.493,0.603,3.078,4.47,1.78
6,133,13300,car,989.167,1005.138,-9.518,0.579,3.081,4.47,1.78
6,134,13400,car,988.215,1005.192,-9.538,0.554,3.084,4.47,1.78
6,135,13500,car,987.261,1005.244,-9.551,0.527,3.086,4.47,1.78
6,136,13600,car,986.306,1005.292,-9.558,0.498,3.089,4.47,1.78
6,137,13700,car,985.35,1005.338,-9.56,0.468,3.093,4.47,1.78
6,138,13800,car,984.393,1005.381,-9.556,0.436,3.096,4.47,1.78
6,139,13900,car,983.438,1005.42,-9.547,0.402,3.099,4.47,1.78
6,140,14000,car,982.483,1005.455,-9.533,0.366,3.103,4.47,1.78
6,141,14100,car,981.529,1005.486,-9.515,0.328,3.107,4.47,1.78
6,142,14200,car,980.578,1005.514,-9.495,0.288,3.111,4.47,1.78
6,143,14300,car,979.628,1005.537,-9.474,0.245,3.116,4.47,1.78
6,144,14400,car,978.68,1005.555,-9.452,0.202,3.12,4.47,1.78
6,145,14500,car,977.735,1005.569,-9.432,0.156,3.125,4.47,1.78
6,146,14600,car,976.792,1005.578,-9.415,0.11,3.13,4.47,1.78
6,147,14700,car,975.85,1005.583,-9.401,0.063,3.135,4.47,1.78
6,148,14800,car,974.91,1005.582,-9.392,0.015,3.14,4.47,1.78
6,149,14900,car,973.971,1005.577,-9.386,-0.032,-3.138,4.47,1.78
6,150,15000,car,973.032,1005.568,-9.385,-0.078,-3.133,4.47,1.78
6,151,15100,car,972.094,1005.554,-9.388,-0.122,-3.129,4.47,1.78
6,152,15200,car,971.155,1005.536,-9.393,-0.164,-3.124,4.47,1.78
6,153,15300,car,970.216,1005.514,-9.401,-0.203,-3.12,4.47,1.78
6,154,15400,car,969.276,1005.489,-9.409,-0.238,-3.116,4.47,1.78
6,155,15500,car,968.335,1005.46,-9.417,-0.269,-3.113,4.47,1.78
6,156,15600,car,967.394,1005.43,-9.423,-0.295,-3.11,4.47,1.78
6,157,15700,car,966.452,1005.398,-9.425,-0.315,-3.108,4.47,1.78
6,158,15800,car,965.509,1005.364,-9.423,-0.33,-3.107,4.47,1.78
6,159,15900,car,964.567,1005.33,-9.416,-0.339,-3.106,4.47,1.78
6,160,16000,car,963.625,1005.295,-9.402,-0.342,-3.105,4.47,1.78
6,161,16100,car,962.685,1005.261,-9.382,-0.339,-3.105,4.47,1.78
6,162,16200,car,961.747,1005.228,-9.355,-0.332,-3.106,4.47,1.78
6,163,16300,car,960.811,1005.197,-9.323,-0.321,-3.107,4.47,1.78
6,164,16400,car,959.879,1005.166,-9.284,-0.307,-3.109,4.47,1.78
6,165,16500,car,958.95,1005.138,-9.241,-0.291,-3.11,4.47,1.78
6,166,16600,car,958.026,1005.111,-9.193,-0.273,-3.112,4.47,1.78
6,167,16700,car,957.107,1005.086,-9.142,-0.254,-3.114,4.47,1.78
6,168,16800,car,956.192,1005.063,-9.088,-0.236,-3.116,4.47,1.78
6,169,16900,car,955.283,1005.042,-9.034,-0.217,-3.118,4.47,1.78
6,170,17000,car,954.38,1005.023,-8.979,-0.199,-3.119,4.47,1.78
6,171,17100,car,953.482,1005.005,-8.927,-0.182,-3.121,4.47,1.78
6,172,17200,car,952.589,1004.99,-8.878,-0.165,-3.123,4.47,1.78
6,173,17300,car,951.701,1004.976,-8.834,-0.148,-3.125,4.47,1.78
6,174,17400,car,950.818,1004.963,-8.795,-0.132,-3.127,4.47,1.78
6,175,17500,car,949.938,1004.952,-8.764,-0.116,-3.128,4.47,1.78
6,176,17600,car,949.062,1004.943,-8.741,-0.1,-3.13,4.47,1.78
6,177,17700,car,948.188,1004.935,-8.727,-0.084,-3.132,4.47,1.78
6,178,17800,car,947.315,1004.929,-8.72,-0.067,-3.134,4.47,1.78
6,179,17900,car,946.443,1004.925,-8.723,-0.05,-3.136,4.47,1.78
6,180,18000,car,945.571,1004.923,-8.733,-0.033,-3.138,4.47,1.78
6,181,18100,car,944.698,1004.922,-8.75,-0.015,-3.14,4.47,1.78
6,182,18200,car,943.822,1004.923,-8.774,0.003,3.141,4.47,1.78
6,183,18300,car,942.945,1004.927,-8.802,0.023,3.139,4.47,1.78
6,184,18400,car,942.065,1004.932,-8.833,0.043,3.137,4.47,1.78
6,185,18500,car,941.182,1004.94,-8.867,0.065,3.134,4.47,1.78
6,186,18600,car,940.295,1004.949,-8.902,0.089,3.132,4.47,1.78
6,187,18700,car,939.405,1004.962,-8.938,0.113,3.129,4.47,1.78
6,188,18800,car,938.511,1004.977,-8.974,0.14,3.126,4.47,1.78
6,189,18900,car,937.614,1004.995,-9.01,0.168,3.123,4.47,1.78
6,190,19000,car,936.713,1005.016,-9.046,0.197,3.12,4.47,1.78
6,191,19100,car,935.808,1005.04,-9.084,0.228,3.117,4.47,1.78
6,192,19200,car,934.9,1005.067,-9.122,0.26,3.113,4.47,1.78
6,193,19300,car,933.988,1005.098,-9.162,0.293,3.11,4.47,1.78
6,194,19400,car,933.072,1005.132,-9.203,0.327,3.106,4.47,1.78
6,195,19500,car,932.152,1005.169,-9.246,0.361,3.103,4.47,1.78
6,196,19600,car,931.227,1005.21,-9.29,0.396,3.099,4.47,1.78
6,197,19700,car,930.299,1005.254,-9.337,0.431,3.095,4.47,1.78
6,198,19800,car,929.365,1005.302,-9.385,0.466,3.092,4.47,1.78
6,199,19900,car,928.427,1005.353,-9.435,0.5,3.089,4.47,1.78
6,200,20000,car,927.484,1005.407,-9.487,0.534,3.085,4.47,1.78
6,201,20100,car,926.535,1005.464,-9.54,0.566,3.082,4.47,1.78
6,202,20200,car,925.581,1005.524,-9.596,0.596,3.08,4.47,1.78
6,203,20300,car,924.622,1005.587,-9.653,0.624,3.077,4.47,1.78
6,204,20400,car,923.657,1005.653,-9.712,0.651,3.075,4.47,1.78
6,205,20500,car,922.686,1005.721,-9.773,0.675,3.073,4.47,1.78
6,206,20600,car,921.709,1005.791,-9.834,0.696,3.071,4.47,1.78
6,207,20700,car,920.725,1005.862,-9.897,0.716,3.069,4.47,1.78
6,208,20800,car,919.736,1005.936,-9.96,0.733,3.068,4.47,1.78
6,209,20900,car,918.74,1006.01,-10.024,0.749,3.067,4.47,1.78
6,210,21000,car,917.738,1006.086,-10.088,0.763,3.066,4.47,1.78
6,211,21100,car,916.729,1006.164,-10.152,0.776,3.065,4.47,1.78
6,212,21200,car,915.714,1006.242,-10.216,0.788,3.065,4.47,1.78
6,213,21300,car,914.692,1006.322,-10.279,0.8,3.064,4.47,1.78
6,214,21400,car,913.664,1006.403,-10.342,0.812,3.063,4.47,1.78
6,215,21500,car,912.63,1006.485,-10.404,0.823,3.063,4.47,1.78
6,216,21600,car,911.59,1006.568,-10.465,0.835,3.062,4.47,1.78
6,217,21700,car,910.543,1006.653,-10.525,0.846,3.061,4.47,1.78
6,218,21800,car,909.491,1006.738,-10.585,0.858,3.061,4.47,1.78
6,219,21900,car,908.432,1006.824,-10.644,0.869,3.06,4.47,1.78
6,220,22000,car,907.368,1006.912,-10.702,0.879,3.06,4.47,1.78
6,221,22100,car,906.298,1007.001,-10.756,0.889,3.059,4.47,1.78
6,222,22200,car,905.222,1007.09,-10.808,0.897,3.059,4.47,1.78
6,223,22300,car,904.142,1007.18,-10.855,0.905,3.058,4.47,1.78
6,224,22400,car,903.056,1007.271,-10.896,0.911,3.058,4.47,1.78
6,225,22500,car,901.967,1007.362,-10.931,0.916,3.058,4.47,1.78
6,226,22600,car,900.873,1007.454,-10.959,0.92,3.058,4.47,1.78
6,227,22700,car,899.777,1007.546,-10.98,0.922,3.058,4.47,1.78
6,228,22800,car,898.68,1007.638,-10.993,0.924,3.058,4.47,1.78
6,229,22900,car,897.58,1007.731,-11,0.926,3.058,4.47,1.78
6,230,23000,car,896.48,1007.824,-11.003,0.927,3.058,4.47,1.78
6,231,23100,car,895.38,1007.916,-11.003,0.927,3.058,4.47,1.78
7,133,13300,car,1010.372,1003.344,-8.873,1.331,2.993,5.84,2.07
7,134,13400,car,1009.483,1003.471,-8.886,1.306,2.996,5.84,2.07
7,135,13500,car,1008.594,1003.595,-8.899,1.278,2.999,5.84,2.07
7,136,13600,car,1007.703,1003.715,-8.912,1.248,3.002,5.84,2.07
7,137,13700,car,1006.811,1003.833,-8.923,1.215,3.006,5.84,2.07
7,138,13800,car,1005.917,1003.946,-8.932,1.179,3.01,5.84,2.07
7,139,13900,car,1005.023,1004.055,-8.941,1.14,3.015,5.84,2.07
7,140,14000,car,1004.128,1004.16,-8.95,1.099,3.019,5.84,2.07
7,141,14100,car,1003.231,1004.26,-8.959,1.055,3.024,5.84,2.07
7,142,14200,car,1002.334,1004.355,-8.968,1.01,3.029,5.84,2.07
7,143,14300,car,1001.436,1004.446,-8.977,0.963,3.035,5.84,2.07
7,144,14400,car,1000.537,1004.532,-8.986,0.916,3.04,5.84,2.07
7,145,14500,car,999.638,1004.613,-8.994,0.868,3.045,5.84,2.07
7,146,14600,car,998.737,1004.689,-9.001,0.821,3.051,5.84,2.07
7,147,14700,car,997.836,1004.761,-9.004,0.774,3.056,5.84,2.07
7,148,14800,car,996.935,1004.828,-9.005,0.729,3.061,5.84,2.07
7,149,14900,car,996.034,1004.892,-9.002,0.686,3.065,5.84,2.07
7,150,15000,car,995.133,1004.952,-8.994,0.646,3.07,5.84,2.07
7,151,15100,car,994.233,1005.008,-8.981,0.608,3.074,5.84,2.07
7,152,15200,car,993.335,1005.061,-8.964,0.573,3.078,5.84,2.07
7,153,15300,car,992.438,1005.112,-8.943,0.541,3.081,5.84,2.07
7,154,15400,car,991.543,1005.16,-8.918,0.512,3.084,5.84,2.07
7,155,15500,car,990.651,1005.206,-8.89,0.486,3.087,5.84,2.07
7,156,15600,car,989.762,1005.249,-8.86,0.461,3.09,5.84,2.07
7,157,15700,car,988.875,1005.29,-8.829,0.438,3.092,5.84,2.07
7,158,15800,car,987.992,1005.33,-8.799,0.417,3.094,5.84,2.07
7,159,15900,car,987.112,1005.367,-8.771,0.396,3.096,5.84,2.07
7,160,16000,car,986.235,1005.403,-8.745,0.376,3.099,5.84,2.07
7,161,16100,car,985.36,1005.436,-8.723,0.356,3.101,5.84,2.07
7,162,16200,car,984.488,1005.467,-8.706,0.335,3.103,5.84,2.07
7,163,16300,car,983.617,1005.495,-8.694,0.313,3.106,5.84,2.07
7,164,16400,car,982.747,1005.521,-8.689,0.29,3.108,5.84,2.07
7,165,16500,car,981.878,1005.545,-8.689,0.266,3.111,5.84,2.07
7,166,16600,car,981.009,1005.565,-8.695,0.24,3.114,5.84,2.07
7,167,16700,car,980.139,1005.583,-8.707,0.213,3.117,5.84,2.07
7,168,16800,car,979.268,1005.598,-8.723,0.185,3.12,5.84,2.07
7,169,16900,car,978.396,1005.609,-8.743,0.156,3.124,5.84,2.07
7,170,17000,car,977.522,1005.618,-8.765,0.125,3.127,5.84,2.07
7,171,17100,car,976.645,1005.623,-8.789,0.094,3.131,5.84,2.07
7,172,17200,car,975.766,1005.626,-8.813,0.063,3.134,5.84,2.07
7,173,17300,car,974.885,1005.625,-8.835,0.032,3.138,5.84,2.07
7,174,17400,car,974.001,1005.621,-8.855,0.001,3.141,5.84,2.07
7,175,17500,car,973.116,1005.615,-8.872,-0.029,-3.138,5.84,2.07
7,176,17600,car,972.229,1005.605,-8.886,-0.058,-3.135,5.84,2.07
7,177,17700,car,971.34,1005.593,-8.896,-0.085,-3.132,5.84,2.07
7,178,17800,car,970.45,1005.579,-8.901,-0.11,-3.129,5.84,2.07
7,179,17900,car,969.56,1005.563,-8.902,-0.133,-3.127,5.84,2.07
7,180,18000,car,968.67,1005.545,-8.898,-0.153,-3.124,5.84,2.07
7,181,18100,car,967.781,1005.526,-8.889,-0.171,-3.122,5.84,2.07
7,182,18200,car,966.892,1005.505,-8.875,-0.187,-3.121,5.84,2.07
7,183,18300,car,966.004,1005.484,-8.856,-0.199,-3.119,5.84,2.07
7,184,18400,car,965.119,1005.461,-8.833,-0.21,-3.118,5.84,2.07
7,185,18500,car,964.236,1005.438,-8.805,-0.218,-3.117,5.84,2.07
7,186,18600,car,963.355,1005.415,-8.773,-0.224,-3.116,5.84,2.07
7,187,18700,car,962.478,1005.391,-8.739,-0.229,-3.115,5.84,2.07
7,188,18800,car,961.604,1005.367,-8.701,-0.232,-3.115,5.84,2.07
7,189,18900,car,960.734,1005.343,-8.662,-0.235,-3.115,5.84,2.07
7,190,19000,car,959.868,1005.319,-8.621,-0.236,-3.114,5.84,2.07
7,191,19100,car,959.005,1005.295,-8.58,-0.238,-3.114,5.84,2.07
7,192,19200,car,958.147,1005.27,-8.538,-0.24,-3.113,5.84,2.07
7,193,19300,car,957.294,1005.246,-8.497,-0.242,-3.113,5.84,2.07
7,194,19400,car,956.444,1005.221,-8.457,-0.245,-3.113,5.84,2.07
7,195,19500,car,955.598,1005.195,-8.418,-0.248,-3.112,5.84,2.07
7,196,19600,car,954.757,1005.169,-8.381,-0.251,-3.112,5.84,2.07
7,197,19700,car,953.918,1005.143,-8.346,-0.254,-3.111,5.84,2.07
7,198,19800,car,953.084,1005.117,-8.315,-0.257,-3.111,5.84,2.07
7,199,19900,car,952.252,1005.09,-8.286,-0.26,-3.11,5.84,2.07
7,200,20000,car,951.424,1005.064,-8.262,-0.262,-3.11,5.84,2.07
7,201,20100,car,950.598,1005.037,-8.242,-0.262,-3.11,5.84,2.07
7,202,20200,car,949.773,1005.011,-8.228,-0.26,-3.11,5.84,2.07
7,203,20300,car,948.951,1004.986,-8.22,-0.257,-3.11,5.84,2.07
7,204,20400,car,948.128,1004.962,-8.218,-0.25,-3.111,5.84,2.07
7,205,20500,car,947.307,1004.939,-8.222,-0.242,-3.112,5.84,2.07
7,206,20600,car,946.484,1004.918,-8.233,-0.23,-3.114,5.84,2.07
7,207,20700,car,945.661,1004.898,-8.251,-0.215,-3.115,5.84,2.07
7,208,20800,car,944.836,1004.881,-8.275,-0.198,-3.118,5.84,2.07
7,209,20900,car,944.008,1004.867,-8.305,-0.177,-3.12,5.84,2.07
7,210,21000,car,943.177,1004.855,-8.34,-0.154,-3.123,5.84,2.07
7,211,21100,car,942.343,1004.845,-8.38,-0.128,-3.126,5.84,2.07
7,212,21200,car,941.505,1004.839,-8.424,-0.1,-3.13,5.84,2.07
7,213,21300,car,940.662,1004.837,-8.471,-0.07,-3.133,5.84,2.07
7,214,21400,car,939.815,1004.837,-8.52,-0.038,-3.137,5.84,2.07
7,215,21500,car,938.963,1004.841,-8.57,-0.005,-3.141,5.84,2.07
7,216,21600,car,938.106,1004.848,-8.622,0.029,3.138,5.84,2.07
7,217,21700,car,937.244,1004.859,-8.673,0.064,3.134,5.84,2.07
7,218,21800,car,936.377,1004.874,-8.724,0.099,3.13,5.84,2.07
7,219,21900,car,935.505,1004.891,-8.775,0.134,3.126,5.84,2.07
7,220,22000,car,934.627,1004.912,-8.825,0.169,3.122,5.84,2.07
7,221,22100,car,933.745,1004.937,-8.874,0.203,3.119,5.84,2.07
7,222,22200,car,932.858,1004.964,-8.922,0.237,3.115,5.84,2.07
7,223,22300,car,931.966,1004.995,-8.969,0.27,3.112,5.84,2.07
7,224,22400,car,931.069,1005.029,-9.013,0.302,3.108,5.84,2.07
7,225,22500,car,930.168,1005.066,-9.056,0.335,3.105,5.84,2.07
7,226,22600,car,929.263,1005.106,-9.095,0.366,3.101,5.84,2.07
7,227,22700,car,928.354,1005.149,-9.131,0.397,3.098,5.84,2.07
7,228,22800,car,927.441,1005.195,-9.163,0.428,3.095,5.84,2.07
7,229,22900,car,926.525,1005.244,-9.191,0.458,3.092,5.84,2.07
7,230,23000,car,925.606,1005.296,-9.213,0.486,3.089,5.84,2.07
7,231,23100,car,924.685,1005.35,-9.23,0.514,3.086,5.84,2.07
7,232,23200,car,923.762,1005.407,-9.242,0.54,3.083,5.84,2.07
7,233,23300,car,922.838,1005.467,-9.249,0.565,3.081,5.84,2.07
7,234,23400,car,921.914,1005.528,-9.252,0.588,3.078,5.84,2.07
7,235,23500,car,920.989,1005.591,-9.251,0.609,3.076,5.84,2.07
7,236,23600,car,920.064,1005.656,-9.249,0.628,3.074,5.84,2.07
7,237,23700,car,919.139,1005.723,-9.244,0.645,3.072,5.84,2.07
7,238,23800,car,918.215,1005.791,-9.239,0.66,3.07,5.84,2.07
7,239,23900,car,917.291,1005.86,-9.234,0.674,3.069,5.84,2.07
7,240,24000,car,916.368,1005.93,-9.229,0.686,3.067,5.84,2.07
7,241,24100,car,915.445,1006.001,-9.225,0.696,3.066,5.84,2.07
7,242,24200,car,914.523,1006.072,-9.222,0.705,3.065,5.84,2.07
7,243,24300,car,913.601,1006.144,-9.222,0.714,3.064,5.84,2.07
7,244,24400,car,912.679,1006.217,-9.225,0.721,3.064,5.84,2.07
7,245,24500,car,911.756,1006.291,-9.233,0.729,3.063,5.84,2.07
7,246,24600,car,910.833,1006.365,-9.246,0.736,3.062,5.84,2.07
7,247,24700,car,909.909,1006.44,-9.266,0.743,3.062,5.84,2.07
7,248,24800,car,908.982,1006.515,-9.293,0.75,3.061,5.84,2.07
7,249,24900,car,908.053,1006.591,-9.329,0.757,3.061,5.84,2.07
7,250,25000,car,907.12,1006.668,-9.372,0.764,3.06,5.84,2.07
7,251,25100,car,906.183,1006.745,-9.422,0.771,3.06,5.84,2.07
7,252,25200,car,905.241,1006.822,-9.477,0.778,3.06,5.84,2.07
7,253,25300,car,904.293,1006.9,-9.535,0.785,3.059,5.84,2.07
7,254,25400,car,903.34,1006.979,-9.593,0.791,3.059,5.84,2.07
7,255,25500,car,902.381,1007.058,-9.65,0.796,3.059,5.84,2.07
7,256,25600,car,901.416,1007.138,-9.701,0.8,3.059,5.84,2.07
7,257,25700,car,900.446,1007.218,-9.744,0.803,3.059,5.84,2.07
7,258,25800,car,899.471,1007.298,-9.778,0.805,3.059,5.84,2.07
7,259,25900,car,898.493,1007.378,-9.802,0.806,3.06,5.84,2.07
7,260,26000,car,897.513,1007.459,-9.815,0.806,3.06,5.84,2.07
7,261,26100,car,896.532,1007.539,-9.82,0.805,3.06,5.84,2.07
7,262,26200,car,895.55,1007.619,-9.82,0.804,3.06,5.84,2.07
8,339,33900,car,1011.749,1002.941,-10.444,1.104,3.036,4.62,1.76
8,340,34000,car,1010.705,1003.051,-10.462,1.099,3.037,4.62,1.76
8,341,34100,car,1009.659,1003.16,-10.487,1.095,3.038,4.62,1.76
8,342,34200,car,1008.61,1003.268,-10.52,1.09,3.038,4.62,1.76
8,343,34300,car,1007.558,1003.376,-10.56,1.085,3.039,4.62,1.76
8,344,34400,car,1006.501,1003.483,-10.607,1.081,3.04,4.62,1.76
8,345,34500,car,1005.441,1003.59,-10.66,1.078,3.041,4.62,1.76
8,346,34600,car,1004.375,1003.697,-10.717,1.075,3.042,4.62,1.76
8,347,34700,car,1003.303,1003.803,-10.779,1.072,3.042,4.62,1.76
8,348,34800,car,1002.225,1003.909,-10.843,1.07,3.043,4.62,1.76
8,349,34900,car,1001.14,1004.015,-10.909,1.067,3.044,4.62,1.76
8,350,35000,car,1000.049,1004.121,-10.975,1.064,3.045,4.62,1.76
8,351,35100,car,998.952,1004.226,-11.04,1.06,3.046,4.62,1.76
8,352,35200,car,997.848,1004.33,-11.103,1.053,3.047,4.62,1.76
8,353,35300,car,996.737,1004.434,-11.164,1.042,3.049,4.62,1.76
8,354,35400,car,995.621,1004.535,-11.221,1.027,3.05,4.62,1.76
8,355,35500,car,994.498,1004.635,-11.275,1.007,3.052,4.62,1.76
8,356,35600,car,993.37,1004.732,-11.324,0.981,3.055,4.62,1.76
8,357,35700,car,992.238,1004.826,-11.369,0.949,3.058,4.62,1.76
8,358,35800,car,991.1,1004.916,-11.411,0.91,3.062,4.62,1.76
8,359,35900,car,989.959,1005.001,-11.448,0.864,3.066,4.62,1.76
8,360,36000,car,988.813,1005.081,-11.482,0.811,3.071,4.62,1.76
8,361,36100,car,987.665,1005.154,-11.513,0.752,3.076,4.62,1.76
8,362,36200,car,986.513,1005.222,-11.541,0.687,3.082,4.62,1.76
8,363,36300,car,985.358,1005.282,-11.567,0.617,3.088,4.62,1.76
8,364,36400,car,984.201,1005.335,-11.592,0.543,3.095,4.62,1.76
8,365,36500,car,983.042,1005.38,-11.615,0.465,3.102,4.62,1.76
8,366,36600,car,981.88,1005.417,-11.639,0.386,3.108,4.62,1.76
8,367,36700,car,980.715,1005.445,-11.663,0.305,3.115,4.62,1.76
8,368,36800,car,979.549,1005.466,-11.687,0.223,3.122,4.62,1.76
8,369,36900,car,978.38,1005.479,-11.713,0.142,3.129,4.62,1.76
8,370,37000,car,977.209,1005.484,-11.741,0.063,3.136,4.62,1.76
8,371,37100,car,976.035,1005.481,-11.77,-0.014,-3.14,4.62,1.76
8,372,37200,car,974.858,1005.471,-11.801,-0.087,-3.134,4.62,1.76
8,373,37300,car,973.678,1005.454,-11.833,-0.157,-3.128,4.62,1.76
8,374,37400,car,972.495,1005.431,-11.867,-0.221,-3.123,4.62,1.76
8,375,37500,car,971.308,1005.402,-11.901,-0.28,-3.118,4.62,1.76
8,376,37600,car,970.118,1005.368,-11.936,-0.332,-3.114,4.62,1.76
8,377,37700,car,968.925,1005.33,-11.97,-0.379,-3.11,4.62,1.76
8,378,37800,car,967.728,1005.287,-12.003,-0.419,-3.107,4.62,1.76
8,379,37900,car,966.528,1005.241,-12.035,-0.452,-3.104,4.62,1.76
8,380,38000,car,965.324,1005.193,-12.065,-0.479,-3.102,4.62,1.76
8,381,38100,car,964.118,1005.143,-12.095,-0.5,-3.1,4.62,1.76
8,382,38200,car,962.908,1005.092,-12.122,-0.514,-3.099,4.62,1.76
8,383,38300,car,961.696,1005.039,-12.149,-0.522,-3.099,4.62,1.76
8,384,38400,car,960.481,1004.987,-12.176,-0.523,-3.099,4.62,1.76
8,385,38500,car,959.263,1004.935,-12.203,-0.518,-3.099,4.62,1.76
8,386,38600,car,958.043,1004.885,-12.232,-0.507,-3.1,4.62,1.76
8,387,38700,car,956.82,1004.836,-12.261,-0.49,-3.102,4.62,1.76
8,388,38800,car,955.593,1004.79,-12.292,-0.466,-3.104,4.62,1.76
8,389,38900,car,954.364,1004.747,-12.325,-0.436,-3.106,4.62,1.76
8,390,39000,car,953.131,1004.708,-12.36,-0.399,-3.109,4.62,1.76
8,391,39100,car,951.895,1004.673,-12.395,-0.357,-3.113,4.62,1.76
8,392,39200,car,950.656,1004.642,-12.432,-0.31,-3.117,4.62,1.76
8,393,39300,car,949.412,1004.617,-12.469,-0.257,-3.121,4.62,1.76
8,394,39400,car,948.165,1004.598,-12.505,-0.201,-3.126,4.62,1.76
8,395,39500,car,946.915,1004.584,-12.541,-0.141,-3.13,4.62,1.76
8,396,39600,car,945.66,1004.577,-12.576,-0.079,-3.135,4.62,1.76
8,397,39700,car,944.403,1004.576,-12.61,-0.015,-3.14,4.62,1.76
8,398,39800,car,943.142,1004.582,-12.643,0.05,3.138,4.62,1.76
8,399,39900,car,941.878,1004.594,-12.676,0.114,3.133,4.62,1.76
8,400,40000,car,940.61,1004.612,-12.707,0.178,3.128,4.62,1.76
8,401,40100,car,939.34,1004.637,-12.739,0.241,3.123,4.62,1.76
8,402,40200,car,938.066,1004.667,-12.769,0.302,3.118,4.62,1.76
8,403,40300,car,936.789,1004.704,-12.798,0.362,3.113,4.62,1.76
8,404,40400,car,935.51,1004.746,-12.826,0.419,3.109,4.62,1.76
8,405,40500,car,934.227,1004.794,-12.853,0.475,3.105,4.62,1.76
8,406,40600,car,932.942,1004.847,-12.878,0.528,3.101,4.62,1.76
8,407,40700,car,931.654,1004.906,-12.901,0.58,3.097,4.62,1.76
8,408,40800,car,930.365,1004.969,-12.923,0.631,3.093,4.62,1.76
8,409,40900,car,929.073,1005.037,-12.943,0.679,3.089,4.62,1.76
8,410,41000,car,927.779,1005.11,-12.961,0.726,3.086,4.62,1.76
8,411,41100,car,926.483,1005.187,-12.977,0.771,3.082,4.62,1.76
8,412,41200,car,925.185,1005.269,-12.993,0.814,3.079,4.62,1.76
8,413,41300,car,923.886,1005.354,-13.007,0.854,3.076,4.62,1.76
8,414,41400,car,922.586,1005.444,-13.022,0.892,3.073,4.62,1.76
8,415,41500,car,921.284,1005.537,-13.037,0.928,3.071,4.62,1.76
8,416,41600,car,919.98,1005.633,-13.053,0.96,3.068,4.62,1.76
8,417,41700,car,918.675,1005.732,-13.07,0.989,3.066,4.62,1.76
8,418,41800,car,917.369,1005.833,-13.088,1.014,3.064,4.62,1.76
8,419,41900,car,916.06,1005.936,-13.109,1.036,3.063,4.62,1.76
8,420,42000,car,914.749,1006.042,-13.13,1.053,3.062,4.62,1.76
8,421,42100,car,913.436,1006.148,-13.154,1.067,3.061,4.62,1.76
8,422,42200,car,912.121,1006.256,-13.178,1.076,3.06,4.62,1.76
8,423,42300,car,910.803,1006.364,-13.203,1.083,3.06,4.62,1.76
8,424,42400,car,909.483,1006.472,-13.229,1.086,3.06,4.62,1.76
8,425,42500,car,908.16,1006.581,-13.255,1.086,3.06,4.62,1.76
8,426,42600,car,906.834,1006.689,-13.28,1.084,3.06,4.62,1.76
8,427,42700,car,905.506,1006.797,-13.303,1.08,3.061,4.62,1.76
8,428,42800,car,904.176,1006.904,-13.324,1.075,3.061,4.62,1.76
8,429,42900,car,902.843,1007.011,-13.343,1.069,3.062,4.62,1.76
8,430,43000,car,901.509,1007.117,-13.358,1.063,3.062,4.62,1.76
8,431,43100,car,900.173,1007.222,-13.369,1.056,3.063,4.62,1.76
8,432,43200,car,898.836,1007.327,-13.377,1.049,3.063,4.62,1.76
8,433,43300,car,897.498,1007.431,-13.382,1.042,3.064,4.62,1.76
8,434,43400,car,896.16,1007.535,-13.384,1.035,3.064,4.62,1.76
8,435,43500,car,894.822,1007.637,-13.384,1.028,3.065,4.62,1.76
9,351,35100,car,1011.844,1003.256,-10.81,0.847,3.063,4.54,1.75
9,352,35200,car,1010.763,1003.342,-10.831,0.858,3.063,4.54,1.75
9,353,35300,car,1009.68,1003.429,-10.865,0.871,3.062,4.54,1.75
9,354,35400,car,1008.594,1003.517,-10.909,0.885,3.061,4.54,1.75
9,355,35500,car,1007.503,1003.607,-10.962,0.902,3.06,4.54,1.75
9,356,35600,car,1006.407,1003.699,-11.021,0.919,3.058,4.54,1.75
9,357,35700,car,1005.305,1003.792,-11.085,0.936,3.057,4.54,1.75
9,358,35800,car,1004.196,1003.887,-11.152,0.953,3.056,4.54,1.75
9,359,35900,car,1003.081,1003.984,-11.219,0.969,3.055,4.54,1.75
9,360,36000,car,1001.959,1004.082,-11.287,0.984,3.055,4.54,1.75
9,361,36100,car,1000.831,1004.181,-11.354,0.995,3.054,4.54,1.75
9,362,36200,car,999.695,1004.281,-11.418,1.004,3.054,4.54,1.75
9,363,36300,car,998.554,1004.381,-11.48,1.01,3.054,4.54,1.75
9,364,36400,car,997.406,1004.482,-11.537,1.013,3.054,4.54,1.75
9,365,36500,car,996.252,1004.583,-11.59,1.011,3.055,4.54,1.75
9,366,36600,car,995.093,1004.683,-11.639,1.006,3.055,4.54,1.75
9,367,36700,car,993.929,1004.782,-11.681,0.997,3.056,4.54,1.75
9,368,36800,car,992.76,1004.88,-11.719,0.984,3.058,4.54,1.75
9,369,36900,car,991.588,1004.976,-11.751,0.967,3.059,4.54,1.75
9,370,37000,car,990.413,1005.07,-11.778,0.945,3.061,4.54,1.75
9,371,37100,car,989.235,1005.161,-11.801,0.919,3.064,4.54,1.75
9,372,37200,car,988.055,1005.249,-11.82,0.886,3.067,4.54,1.75
9,373,37300,car,986.872,1005.334,-11.837,0.848,3.07,4.54,1.75
9,374,37400,car,985.688,1005.413,-11.851,0.803,3.074,4.54,1.75
9,375,37500,car,984.503,1005.488,-11.865,0.752,3.078,4.54,1.75
9,376,37600,car,983.316,1005.556,-11.878,0.694,3.083,4.54,1.75
9,377,37700,car,982.128,1005.618,-11.893,0.629,3.089,4.54,1.75
9,378,37800,car,980.938,1005.673,-11.908,0.558,3.095,4.54,1.75
9,379,37900,car,979.747,1005.72,-11.925,0.481,3.101,4.54,1.75
9,380,38000,car,978.554,1005.759,-11.943,0.4,3.108,4.54,1.75
9,381,38100,car,977.359,1005.789,-11.961,0.315,3.115,4.54,1.75
9,382,38200,car,976.163,1005.811,-11.98,0.227,3.123,4.54,1.75
9,383,38300,car,974.965,1005.824,-11.999,0.139,3.13,4.54,1.75
9,384,38400,car,973.765,1005.828,-12.016,0.052,3.137,4.54,1.75
9,385,38500,car,972.563,1005.824,-12.032,-0.034,-3.139,4.54,1.75
9,386,38600,car,971.36,1005.811,-12.046,-0.116,-3.132,4.54,1.75
9,387,38700,car,970.156,1005.791,-12.058,-0.193,-3.126,4.54,1.75
9,388,38800,car,968.95,1005.763,-12.067,-0.265,-3.12,4.54,1.75
9,389,38900,car,967.743,1005.73,-12.076,-0.329,-3.114,4.54,1.75
9,390,39000,car,966.536,1005.691,-12.083,-0.386,-3.11,4.54,1.75
9,391,39100,car,965.328,1005.647,-12.089,-0.434,-3.106,4.54,1.75
9,392,39200,car,964.119,1005.599,-12.095,-0.474,-3.102,4.54,1.75
9,393,39300,car,962.91,1005.548,-12.101,-0.505,-3.1,4.54,1.75
9,394,39400,car,961.7,1005.495,-12.107,-0.527,-3.098,4.54,1.75
9,395,39500,car,960.489,1005.441,-12.113,-0.54,-3.097,4.54,1.75
9,396,39600,car,959.278,1005.387,-12.121,-0.545,-3.097,4.54,1.75
9,397,39700,car,958.066,1005.333,-12.129,-0.541,-3.097,4.54,1.75
9,398,39800,car,956.853,1005.28,-12.138,-0.529,-3.098,4.54,1.75
9,399,39900,car,955.639,1005.229,-12.149,-0.51,-3.1,4.54,1.75
9,400,40000,car,954.424,1005.181,-12.161,-0.483,-3.102,4.54,1.75
9,401,40100,car,953.207,1005.136,-12.176,-0.45,-3.105,4.54,1.75
9,402,40200,car,951.99,1005.096,-12.193,-0.411,-3.108,4.54,1.75
9,403,40300,car,950.77,1005.06,-12.212,-0.368,-3.111,4.54,1.75
9,404,40400,car,949.549,1005.028,-12.235,-0.32,-3.115,4.54,1.75
9,405,40500,car,948.325,1005.002,-12.261,-0.27,-3.12,4.54,1.75
9,406,40600,car,947.099,1004.98,-12.292,-0.218,-3.124,4.54,1.75
9,407,40700,car,945.87,1004.964,-12.328,-0.164,-3.128,4.54,1.75
9,408,40800,car,944.637,1004.954,-12.368,-0.11,-3.133,4.54,1.75
9,409,40900,car,943.4,1004.949,-12.413,-0.056,-3.137,4.54,1.75
9,410,41000,car,942.159,1004.949,-12.462,-0.001,-3.141,4.54,1.75
9,411,41100,car,940.912,1004.955,-12.515,0.053,3.137,4.54,1.75
9,412,41200,car,939.661,1004.966,-12.569,0.108,3.133,4.54,1.75
9,413,41300,car,938.404,1004.983,-12.624,0.163,3.129,4.54,1.75
9,414,41400,car,937.142,1005.005,-12.677,0.219,3.124,4.54,1.75
9,415,41500,car,935.874,1005.033,-12.729,0.276,3.12,4.54,1.75
9,416,41600,car,934.601,1005.066,-12.776,0.334,3.115,4.54,1.75
9,417,41700,car,933.324,1005.106,-12.819,0.393,3.111,4.54,1.75
9,418,41800,car,932.042,1005.151,-12.857,0.453,3.106,4.54,1.75
9,419,41900,car,930.757,1005.203,-12.889,0.514,3.102,4.54,1.75
9,420,42000,car,929.468,1005.26,-12.917,0.574,3.097,4.54,1.75
9,421,42100,car,928.177,1005.324,-12.939,0.634,3.093,4.54,1.75
9,422,42200,car,926.883,1005.393,-12.957,0.693,3.088,4.54,1.75
9,423,42300,car,925.588,1005.468,-12.972,0.75,3.084,4.54,1.75
9,424,42400,car,924.291,1005.549,-12.983,0.804,3.08,4.54,1.75
9,425,42500,car,922.993,1005.634,-12.992,0.854,3.076,4.54,1.75
9,426,42600,car,921.694,1005.724,-12.997,0.9,3.072,4.54,1.75
9,427,42700,car,920.395,1005.819,-13.001,0.942,3.069,4.54,1.75
9,428,42800,car,919.095,1005.917,-13.002,0.979,3.066,4.54,1.75
9,429,42900,car,917.795,1006.018,-13.001,1.011,3.064,4.54,1.75
9,430,43000,car,916.495,1006.122,-12.997,1.038,3.062,4.54,1.75
9,431,43100,car,915.195,1006.228,-12.989,1.061,3.06,4.54,1.75
9,432,43200,car,913.897,1006.336,-12.979,1.079,3.059,4.54,1.75
9,433,43300,car,912.599,1006.446,-12.965,1.093,3.058,4.54,1.75
9,434,43400,car,911.303,1006.556,-12.948,1.104,3.057,4.54,1.75
9,435,43500,car,910.008,1006.667,-12.929,1.112,3.056,4.54,1.75
9,436,43600,car,908.715,1006.779,-12.909,1.118,3.055,4.54,1.75
9,437,43700,car,907.424,1006.892,-12.887,1.122,3.055,4.54,1.75
9,438,43800,car,906.135,1007.005,-12.866,1.126,3.054,4.54,1.75
9,439,43900,car,904.849,1007.118,-12.846,1.128,3.054,4.54,1.75
9,440,44000,car,903.564,1007.231,-12.829,1.131,3.054,4.54,1.75
9,441,44100,car,902.281,1007.344,-12.814,1.134,3.053,4.54,1.75
9,442,44200,car,901,1007.458,-12.803,1.137,3.053,4.54,1.75
9,443,44300,car,899.72,1007.572,-12.795,1.139,3.053,4.54,1.75
9,444,44400,car,898.44,1007.686,-12.791,1.143,3.052,4.54,1.75
9,445,44500,car,897.161,1007.801,-12.789,1.146,3.052,4.54,1.75
9,446,44600,car,895.882,1007.916,-12.788,1.15,3.052,4.54,1.75
10,369,36900,car,1011.485,1003.001,-10.073,1.152,3.028,3.56,1.65
10,370,37000,car,1010.477,1003.116,-10.091,1.148,3.028,3.56,1.65
10,371,37100,car,1009.468,1003.229,-10.119,1.144,3.029,3.56,1.65
10,372,37200,car,1008.456,1003.343,-10.156,1.141,3.03,3.56,1.65
10,373,37300,car,1007.44,1003.456,-10.204,1.138,3.031,3.56,1.65
10,374,37400,car,1006.42,1003.569,-10.262,1.135,3.031,3.56,1.65
10,375,37500,car,1005.393,1003.681,-10.33,1.131,3.033,3.56,1.65
10,376,37600,car,1004.36,1003.793,-10.408,1.127,3.034,3.56,1.65
10,377,37700,car,1003.319,1003.903,-10.496,1.121,3.035,3.56,1.65
10,378,37800,car,1002.269,1004.014,-10.591,1.113,3.037,3.56,1.65
10,379,37900,car,1001.21,1004.123,-10.694,1.103,3.039,3.56,1.65
10,380,38000,car,1000.14,1004.23,-10.801,1.091,3.041,3.56,1.65
10,381,38100,car,999.06,1004.337,-10.91,1.075,3.043,3.56,1.65
10,382,38200,car,997.969,1004.441,-11.02,1.057,3.046,3.56,1.65
10,383,38300,car,996.866,1004.543,-11.127,1.035,3.049,3.56,1.65
10,384,38400,car,995.753,1004.643,-11.231,1.011,3.052,3.56,1.65
10,385,38500,car,994.63,1004.74,-11.328,0.984,3.055,3.56,1.65
10,386,38600,car,993.497,1004.835,-11.418,0.953,3.058,3.56,1.65
10,387,38700,car,992.355,1004.926,-11.5,0.92,3.062,3.56,1.65
10,388,38800,car,991.204,1005.013,-11.573,0.884,3.065,3.56,1.65
10,389,38900,car,990.047,1005.097,-11.637,0.845,3.069,3.56,1.65
10,390,39000,car,988.883,1005.177,-11.693,0.802,3.073,3.56,1.65
10,391,39100,car,987.713,1005.252,-11.74,0.757,3.077,3.56,1.65
10,392,39200,car,986.539,1005.322,-11.78,0.708,3.082,3.56,1.65
10,393,39300,car,985.36,1005.388,-11.814,0.657,3.086,3.56,1.65
10,394,39400,car,984.179,1005.448,-11.841,0.601,3.091,3.56,1.65
10,395,39500,car,982.994,1005.502,-11.863,0.543,3.096,3.56,1.65
10,396,39600,car,981.808,1005.549,-11.881,0.481,3.101,3.56,1.65
10,397,39700,car,980.619,1005.591,-11.895,0.417,3.107,3.56,1.65
10,398,39800,car,979.43,1005.626,-11.907,0.351,3.112,3.56,1.65
10,399,39900,car,978.239,1005.654,-11.917,0.282,3.118,3.56,1.65
10,400,40000,car,977.047,1005.675,-11.926,0.214,3.124,3.56,1.65
10,401,40100,car,975.854,1005.689,-11.935,0.145,3.129,3.56,1.65
10,402,40200,car,974.66,1005.696,-11.942,0.077,3.135,3.56,1.65
10,403,40300,car,973.466,1005.697,-11.95,0.011,3.141,3.56,1.65
10,404,40400,car,972.271,1005.692,-11.957,-0.052,-3.137,3.56,1.65
10,405,40500,car,971.076,1005.681,-11.964,-0.111,-3.132,3.56,1.65
10,406,40600,car,969.879,1005.664,-11.97,-0.166,-3.128,3.56,1.65
10,407,40700,car,968.682,1005.642,-11.975,-0.215,-3.124,3.56,1.65
10,408,40800,car,967.485,1005.616,-11.979,-0.258,-3.12,3.56,1.65
10,409,40900,car,966.287,1005.587,-11.981,-0.295,-3.117,3.56,1.65
10,410,41000,car,965.089,1005.554,-11.982,-0.326,-3.114,3.56,1.65
10,411,41100,car,963.891,1005.519,-11.98,-0.351,-3.112,3.56,1.65
10,412,41200,car,962.693,1005.482,-11.976,-0.37,-3.111,3.56,1.65
10,413,41300,car,961.495,1005.443,-11.969,-0.383,-3.11,3.56,1.65
10,414,41400,car,960.298,1005.404,-11.959,-0.392,-3.109,3.56,1.65
10,415,41500,car,959.103,1005.365,-11.946,-0.396,-3.108,3.56,1.65
10,416,41600,car,957.908,1005.325,-11.93,-0.395,-3.108,3.56,1.65
10,417,41700,car,956.715,1005.286,-11.913,-0.392,-3.109,3.56,1.65
10,418,41800,car,955.524,1005.247,-11.894,-0.385,-3.109,3.56,1.65
10,419,41900,car,954.334,1005.21,-11.875,-0.374,-3.11,3.56,1.65
10,420,42000,car,953.147,1005.174,-11.857,-0.361,-3.111,3.56,1.65
10,421,42100,car,951.961,1005.139,-11.839,-0.344,-3.113,3.56,1.65
10,422,42200,car,950.777,1005.107,-11.823,-0.325,-3.114,3.56,1.65
10,423,42300,car,949.595,1005.077,-11.81,-0.302,-3.116,3.56,1.65
10,424,42400,car,948.413,1005.049,-11.798,-0.276,-3.118,3.56,1.65
10,425,42500,car,947.234,1005.025,-11.789,-0.246,-3.121,3.56,1.65
10,426,42600,car,946.055,1005.004,-11.782,-0.213,-3.123,3.56,1.65
10,427,42700,car,944.876,1004.986,-11.777,-0.177,-3.127,3.56,1.65
10,428,42800,car,943.699,1004.973,-11.774,-0.136,-3.13,3.56,1.65
10,429,42900,car,942.521,1004.964,-11.771,-0.093,-3.134,3.56,1.65
10,430,43000,car,941.344,1004.959,-11.768,-0.046,-3.138,3.56,1.65
10,431,43100,car,940.167,1004.96,-11.765,0.004,3.141,3.56,1.65
10,432,43200,car,938.991,1004.966,-11.762,0.056,3.137,3.56,1.65
10,433,43300,car,937.815,1004.977,-11.758,0.109,3.132,3.56,1.65
10,434,43400,car,936.639,1004.993,-11.753,0.164,3.128,3.56,1.65
10,435,43500,car,935.464,1005.016,-11.747,0.22,3.123,3.56,1.65
10,436,43600,car,934.289,1005.044,-11.741,0.277,3.118,3.56,1.65
10,437,43700,car,933.115,1005.077,-11.733,0.333,3.113,3.56,1.65
10,438,43800,car,931.942,1005.116,-11.725,0.389,3.108,3.56,1.65
10,439,43900,car,930.77,1005.161,-11.715,0.444,3.104,3.56,1.65
10,440,44000,car,929.598,1005.211,-11.706,0.499,3.099,3.56,1.65
10,441,44100,car,928.428,1005.267,-11.696,0.551,3.094,3.56,1.65
10,442,44200,car,927.259,1005.327,-11.685,0.602,3.09,3.56,1.65
10,443,44300,car,926.091,1005.393,-11.676,0.651,3.086,3.56,1.65
10,444,44400,car,924.923,1005.463,-11.667,0.697,3.082,3.56,1.65
10,445,44500,car,923.757,1005.537,-11.659,0.74,3.078,3.56,1.65
10,446,44600,car,922.591,1005.615,-11.654,0.78,3.075,3.56,1.65
10,447,44700,car,921.426,1005.697,-11.652,0.817,3.072,3.56,1.65
10,448,44800,car,920.261,1005.782,-11.654,0.851,3.069,3.56,1.65
10,449,44900,car,919.096,1005.871,-11.659,0.882,3.066,3.56,1.65
10,450,45000,car,917.93,1005.962,-11.668,0.912,3.064,3.56,1.65
10,451,45100,car,916.764,1006.056,-11.682,0.939,3.061,3.56,1.65
10,452,45200,car,915.596,1006.152,-11.699,0.964,3.059,3.56,1.65
10,453,45300,car,914.426,1006.251,-11.719,0.987,3.058,3.56,1.65
10,454,45400,car,913.254,1006.351,-11.743,1.008,3.056,3.56,1.65
10,455,45500,car,912.08,1006.454,-11.77,1.028,3.054,3.56,1.65
10,456,45600,car,910.903,1006.558,-11.799,1.046,3.053,3.56,1.65
10,457,45700,car,909.724,1006.664,-11.83,1.061,3.052,3.56,1.65
10,458,45800,car,908.541,1006.772,-11.863,1.075,3.051,3.56,1.65
10,459,45900,car,907.354,1006.88,-11.897,1.087,3.05,3.56,1.65
10,460,46000,car,906.165,1006.989,-11.93,1.097,3.05,3.56,1.65
10,461,46100,car,904.972,1007.1,-11.962,1.105,3.05,3.56,1.65
10,462,46200,car,903.776,1007.21,-11.991,1.11,3.049,3.56,1.65
10,463,46300,car,902.577,1007.322,-12.017,1.114,3.049,3.56,1.65
10,464,46400,car,901.375,1007.433,-12.038,1.117,3.049,3.56,1.65
10,465,46500,car,900.171,1007.545,-12.054,1.118,3.049,3.56,1.65
10,466,46600,car,898.966,1007.656,-12.065,1.118,3.049,3.56,1.65
10,467,46700,car,897.759,1007.768,-12.071,1.118,3.049,3.56,1.65
10,468,46800,car,896.552,1007.88,-12.073,1.117,3.049,3.56,1.65
10,469,46900,car,895.345,1007.991,-12.073,1.116,3.049,3.56,1.65
11,376,37600,car,1011.756,1005.952,-6.234,0.532,3.056,4.14,1.7
11,377,37700,car,1011.132,1006.004,-6.242,0.528,3.057,4.14,1.7
11,378,37800,car,1010.508,1006.056,-6.252,0.524,3.058,4.14,1.7
11,379,37900,car,1009.882,1006.108,-6.263,0.52,3.059,4.14,1.7
11,380,38000,car,1009.256,1006.159,-6.276,0.515,3.06,4.14,1.7
11,381,38100,car,1008.628,1006.209,-6.291,0.51,3.061,4.14,1.7
11,382,38200,car,1007.999,1006.259,-6.31,0.505,3.062,4.14,1.7
11,383,38300,car,1007.368,1006.308,-6.331,0.5,3.063,4.14,1.7
11,384,38400,car,1006.735,1006.357,-6.356,0.495,3.064,4.14,1.7
11,385,38500,car,1006.099,1006.405,-6.385,0.491,3.065,4.14,1.7
11,386,38600,car,1005.46,1006.453,-6.419,0.487,3.066,4.14,1.7
11,387,38700,car,1004.819,1006.5,-6.456,0.484,3.067,4.14,1.7
11,388,38800,car,1004.173,1006.548,-6.498,0.481,3.068,4.14,1.7
11,389,38900,car,1003.523,1006.595,-6.544,0.478,3.069,4.14,1.7
11,390,39000,car,1002.868,1006.641,-6.595,0.476,3.069,4.14,1.7
11,391,39100,car,1002.209,1006.688,-6.649,0.475,3.07,4.14,1.7
11,392,39200,car,1001.544,1006.735,-6.706,0.474,3.071,4.14,1.7
11,393,39300,car,1000.873,1006.781,-6.767,0.474,3.072,4.14,1.7
11,394,39400,car,1000.197,1006.828,-6.83,0.474,3.072,4.14,1.7
11,395,39500,car,999.514,1006.874,-6.894,0.474,3.073,4.14,1.7
11,396,39600,car,998.824,1006.921,-6.959,0.475,3.073,4.14,1.7
11,397,39700,car,998.128,1006.968,-7.025,0.477,3.074,4.14,1.7
11,398,39800,car,997.426,1007.016,-7.091,0.479,3.074,4.14,1.7
11,399,39900,car,996.717,1007.063,-7.155,0.482,3.074,4.14,1.7
11,400,40000,car,996.001,1007.111,-7.219,0.486,3.074,4.14,1.7
11,401,40100,car,995.279,1007.16,-7.282,0.489,3.074,4.14,1.7
11,402,40200,car,994.551,1007.209,-7.342,0.494,3.074,4.14,1.7
11,403,40300,car,993.817,1007.258,-7.4,0.498,3.074,4.14,1.7
11,404,40400,car,993.077,1007.308,-7.456,0.502,3.074,4.14,1.7
11,405,40500,car,992.331,1007.358,-7.509,0.506,3.074,4.14,1.7
11,406,40600,car,991.58,1007.409,-7.561,0.51,3.074,4.14,1.7
11,407,40700,car,990.824,1007.46,-7.611,0.512,3.074,4.14,1.7
11,408,40800,car,990.063,1007.51,-7.66,0.513,3.075,4.14,1.7
11,409,40900,car,989.297,1007.561,-7.709,0.513,3.075,4.14,1.7
11,410,41000,car,988.526,1007.612,-7.758,0.51,3.076,4.14,1.7
11,411,41100,car,987.75,1007.661,-7.807,0.505,3.077,4.14,1.7
11,412,41200,car,986.969,1007.71,-7.856,0.498,3.078,4.14,1.7
11,413,41300,car,986.184,1007.758,-7.906,0.487,3.08,4.14,1.7
11,414,41400,car,985.393,1007.804,-7.956,0.473,3.082,4.14,1.7
11,415,41500,car,984.597,1007.848,-8.006,0.456,3.085,4.14,1.7
11,416,41600,car,983.796,1007.89,-8.055,0.434,3.088,4.14,1.7
11,417,41700,car,982.991,1007.93,-8.104,0.409,3.091,4.14,1.7
11,418,41800,car,982.18,1007.966,-8.151,0.379,3.095,4.14,1.7
11,419,41900,car,981.365,1007.998,-8.198,0.345,3.1,4.14,1.7
11,420,42000,car,980.545,1008.027,-8.243,0.306,3.104,4.14,1.7
11,421,42100,car,979.72,1008.051,-8.287,0.263,3.11,4.14,1.7
11,422,42200,car,978.891,1008.07,-8.33,0.215,3.116,4.14,1.7
11,423,42300,car,978.058,1008.083,-8.372,0.162,3.122,4.14,1.7
11,424,42400,car,977.221,1008.091,-8.413,0.105,3.129,4.14,1.7
11,425,42500,car,976.379,1008.093,-8.453,0.044,3.136,4.14,1.7
11,426,42600,car,975.534,1008.088,-8.491,-0.022,-3.139,4.14,1.7
11,427,42700,car,974.685,1008.076,-8.528,-0.091,-3.131,4.14,1.7
11,428,42800,car,973.832,1008.056,-8.562,-0.162,-3.123,4.14,1.7
11,429,42900,car,972.976,1008.03,-8.594,-0.235,-3.114,4.14,1.7
11,430,43000,car,972.117,1007.996,-8.621,-0.309,-3.106,4.14,1.7
11,431,43100,car,971.255,1007.955,-8.645,-0.383,-3.097,4.14,1.7
11,432,43200,car,970.391,1007.906,-8.663,-0.456,-3.089,4.14,1.7
11,433,43300,car,969.526,1007.851,-8.678,-0.526,-3.081,4.14,1.7
11,434,43400,car,968.659,1007.789,-8.688,-0.593,-3.073,4.14,1.7
11,435,43500,car,967.79,1007.721,-8.695,-0.655,-3.066,4.14,1.7
11,436,43600,car,966.921,1007.647,-8.699,-0.713,-3.06,4.14,1.7
11,437,43700,car,966.052,1007.569,-8.701,-0.766,-3.054,4.14,1.7
11,438,43800,car,965.183,1007.485,-8.702,-0.814,-3.048,4.14,1.7
11,439,43900,car,964.313,1007.398,-8.704,-0.856,-3.044,4.14,1.7
11,440,44000,car,963.443,1007.307,-8.708,-0.895,-3.039,4.14,1.7
11,441,44100,car,962.573,1007.213,-8.713,-0.929,-3.035,4.14,1.7
11,442,44200,car,961.702,1007.116,-8.722,-0.959,-3.032,4.14,1.7
11,443,44300,car,960.83,1007.017,-8.733,-0.985,-3.029,4.14,1.7
11,444,44400,car,959.957,1006.915,-8.747,-1.008,-3.027,4.14,1.7
11,445,44500,car,959.083,1006.812,-8.764,-1.027,-3.025,4.14,1.7
11,446,44600,car,958.206,1006.707,-8.783,-1.042,-3.023,4.14,1.7
11,447,44700,car,957.328,1006.602,-8.804,-1.053,-3.023,4.14,1.7
11,448,44800,car,956.448,1006.496,-8.825,-1.059,-3.022,4.14,1.7
11,449,44900,car,955.565,1006.391,-8.846,-1.06,-3.022,4.14,1.7
11,450,45000,car,954.681,1006.285,-8.864,-1.056,-3.023,4.14,1.7
11,451,45100,car,953.794,1006.181,-8.881,-1.046,-3.024,4.14,1.7
11,452,45200,car,952.906,1006.079,-8.893,-1.029,-3.026,4.14,1.7
11,453,45300,car,952.016,1005.979,-8.902,-1.007,-3.029,4.14,1.7
11,454,45400,car,951.125,1005.883,-8.907,-0.979,-3.032,4.14,1.7
11,455,45500,car,950.234,1005.789,-8.909,-0.945,-3.036,4.14,1.7
11,456,45600,car,949.342,1005.7,-8.908,-0.906,-3.04,4.14,1.7
11,457,45700,car,948.451,1005.616,-8.905,-0.861,-3.045,4.14,1.7
11,458,45800,car,947.56,1005.536,-8.9,-0.812,-3.051,4.14,1.7
11,459,45900,car,946.669,1005.462,-8.896,-0.759,-3.056,4.14,1.7
11,460,46000,car,945.779,1005.394,-8.891,-0.702,-3.063,4.14,1.7
11,461,46100,car,944.889,1005.332,-8.887,-0.641,-3.07,4.14,1.7
11,462,46200,car,944,1005.277,-8.884,-0.578,-3.077,4.14,1.7
11,463,46300,car,943.111,1005.228,-8.881,-0.512,-3.084,4.14,1.7
11,464,46400,car,942.222,1005.186,-8.88,-0.445,-3.092,4.14,1.7
11,465,46500,car,941.334,1005.151,-8.879,-0.376,-3.099,4.14,1.7
11,466,46600,car,940.446,1005.123,-8.879,-0.306,-3.107,4.14,1.7
11,467,46700,car,939.557,1005.102,-8.882,-0.236,-3.115,4.14,1.7
11,468,46800,car,938.669,1005.088,-8.886,-0.166,-3.123,4.14,1.7
11,469,46900,car,937.78,1005.081,-8.892,-0.098,-3.131,4.14,1.7
11,470,47000,car,936.891,1005.08,-8.902,-0.031,-3.138,4.14,1.7
11,471,47100,car,936.001,1005.086,-8.915,0.034,3.138,4.14,1.7
11,472,47200,car,935.11,1005.098,-8.932,0.096,3.131,4.14,1.7
11,473,47300,car,934.216,1005.116,-8.954,0.154,3.124,4.14,1.7
11,474,47400,car,933.321,1005.139,-8.981,0.21,3.118,4.14,1.7
11,475,47500,car,932.423,1005.167,-9.013,0.262,3.113,4.14,1.7
11,476,47600,car,931.522,1005.199,-9.05,0.31,3.107,4.14,1.7
11,477,47700,car,930.617,1005.236,-9.092,0.356,3.103,4.14,1.7
11,478,47800,car,929.708,1005.277,-9.138,0.398,3.098,4.14,1.7
11,479,47900,car,928.795,1005.322,-9.186,0.438,3.094,4.14,1.7
11,480,48000,car,927.876,1005.371,-9.237,0.475,3.09,4.14,1.7
11,481,48100,car,926.953,1005.423,-9.288,0.511,3.087,4.14,1.7
11,482,48200,car,926.024,1005.478,-9.339,0.545,3.083,4.14,1.7
11,483,48300,car,925.09,1005.536,-9.389,0.578,3.08,4.14,1.7
11,484,48400,car,924.152,1005.598,-9.439,0.61,3.077,4.14,1.7
11,485,48500,car,923.208,1005.663,-9.487,0.642,3.074,4.14,1.7
11,486,48600,car,922.26,1005.731,-9.534,0.674,3.071,4.14,1.7
11,487,48700,car,921.307,1005.802,-9.579,0.705,3.068,4.14,1.7
11,488,48800,car,920.349,1005.876,-9.621,0.735,3.065,4.14,1.7
11,489,48900,car,919.387,1005.952,-9.659,0.765,3.063,4.14,1.7
11,490,49000,car,918.421,1006.032,-9.693,0.793,3.06,4.14,1.7
11,491,49100,car,917.452,1006.114,-9.722,0.819,3.058,4.14,1.7
11,492,49200,car,916.48,1006.199,-9.745,0.843,3.055,4.14,1.7
11,493,49300,car,915.506,1006.286,-9.762,0.864,3.053,4.14,1.7
11,494,49400,car,914.53,1006.374,-9.773,0.882,3.052,4.14,1.7
11,495,49500,car,913.553,1006.464,-9.778,0.897,3.05,4.14,1.7
11,496,49600,car,912.575,1006.556,-9.779,0.91,3.049,4.14,1.7
11,497,49700,car,911.597,1006.648,-9.777,0.919,3.048,4.14,1.7
11,498,49800,car,910.62,1006.741,-9.774,0.926,3.047,4.14,1.7
11,499,49900,car,909.642,1006.834,-9.771,0.931,3.047,4.14,1.7
11,500,50000,car,908.665,1006.927,-9.77,0.934,3.046,4.14,1.7
11,501,50100,car,907.688,1007.021,-9.771,0.936,3.046,4.14,1.7
11,502,50200,car,906.711,1007.115,-9.775,0.937,3.046,4.14,1.7
11,503,50300,car,905.734,1007.208,-9.783,0.938,3.046,4.14,1.7
11,504,50400,car,904.756,1007.302,-9.794,0.938,3.046,4.14,1.7
11,505,50500,car,903.776,1007.396,-9.807,0.939,3.046,4.14,1.7
11,506,50600,car,902.795,1007.489,-9.821,0.939,3.046,4.14,1.7
11,507,50700,car,901.813,1007.583,-9.836,0.94,3.046,4.14,1.7
11,508,50800,car,900.83,1007.677,-9.849,0.941,3.046,4.14,1.7
11,509,50900,car,899.845,1007.771,-9.861,0.942,3.046,4.14,1.7
11,510,51000,car,898.859,1007.865,-9.87,0.943,3.046,4.14,1.7
11,511,51100,car,897.872,1007.96,-9.876,0.943,3.046,4.14,1.7
11,512,51200,car,896.884,1008.054,-9.88,0.944,3.046,4.14,1.7
11,513,51300,car,895.896,1008.149,-9.881,0.945,3.046,4.14,1.7
11,514,51400,car,894.908,1008.243,-9.881,0.945,3.046,4.14,1.7
12,388,38800,car,1011.549,1003.142,-6.773,0.534,3.063,4.53,1.8
12,389,38900,car,1010.872,1003.196,-6.771,0.536,3.063,4.53,1.8
12,390,39000,car,1010.195,1003.25,-6.759,0.536,3.062,4.53,1.8
12,391,39100,car,1009.519,1003.304,-6.738,0.537,3.062,4.53,1.8
12,392,39200,car,1008.845,1003.358,-6.712,0.536,3.062,4.53,1.8
12,393,39300,car,1008.174,1003.412,-6.684,0.536,3.062,4.53,1.8
12,394,39400,car,1007.505,1003.466,-6.657,0.536,3.061,4.53,1.8
12,395,39500,car,1006.84,1003.52,-6.635,0.536,3.061,4.53,1.8
12,396,39600,car,1006.176,1003.574,-6.62,0.537,3.061,4.53,1.8
12,397,39700,car,1005.514,1003.628,-6.613,0.538,3.06,4.53,1.8
12,398,39800,car,1004.853,1003.682,-6.614,0.54,3.06,4.53,1.8
12,399,39900,car,1004.192,1003.736,-6.624,0.544,3.06,4.53,1.8
12,400,40000,car,1003.529,1003.791,-6.643,0.548,3.059,4.53,1.8
12,401,40100,car,1002.865,1003.847,-6.668,0.552,3.059,4.53,1.8
12,402,40200,car,1002.198,1003.902,-6.7,0.558,3.059,4.53,1.8
12,403,40300,car,1001.528,1003.959,-6.738,0.564,3.058,4.53,1.8
12,404,40400,car,1000.855,1004.016,-6.78,0.571,3.058,4.53,1.8
12,405,40500,car,1000.177,1004.074,-6.826,0.579,3.057,4.53,1.8
12,406,40600,car,999.494,1004.132,-6.876,0.587,3.056,4.53,1.8
12,407,40700,car,998.807,1004.192,-6.929,0.595,3.056,4.53,1.8
12,408,40800,car,998.114,1004.252,-6.984,0.604,3.055,4.53,1.8
12,409,40900,car,997.415,1004.313,-7.043,0.613,3.055,4.53,1.8
12,410,41000,car,996.711,1004.375,-7.103,0.621,3.054,4.53,1.8
12,411,41100,car,996.001,1004.438,-7.166,0.63,3.054,4.53,1.8
12,412,41200,car,995.284,1004.501,-7.23,0.638,3.054,4.53,1.8
12,413,41300,car,994.562,1004.565,-7.294,0.645,3.053,4.53,1.8
12,414,41400,car,993.832,1004.63,-7.359,0.651,3.053,4.53,1.8
12,415,41500,car,993.096,1004.695,-7.423,0.656,3.053,4.53,1.8
12,416,41600,car,992.354,1004.76,-7.484,0.659,3.054,4.53,1.8
12,417,41700,car,991.605,1004.825,-7.544,0.661,3.054,4.53,1.8
12,418,41800,car,990.851,1004.891,-7.599,0.661,3.055,4.53,1.8
12,419,41900,car,990.091,1004.956,-7.651,0.66,3.056,4.53,1.8
12,420,42000,car,989.326,1005.02,-7.699,0.656,3.057,4.53,1.8
12,421,42100,car,988.556,1005.084,-7.741,0.65,3.058,4.53,1.8
12,422,42200,car,987.781,1005.147,-7.779,0.641,3.059,4.53,1.8
12,423,42300,car,987.003,1005.209,-7.812,0.631,3.061,4.53,1.8
12,424,42400,car,986.222,1005.27,-7.84,0.617,3.063,4.53,1.8
12,425,42500,car,985.438,1005.328,-7.864,0.601,3.065,4.53,1.8
12,426,42600,car,984.651,1005.385,-7.884,0.582,3.068,4.53,1.8
12,427,42700,car,983.862,1005.439,-7.9,0.56,3.071,4.53,1.8
12,428,42800,car,983.072,1005.491,-7.913,0.534,3.074,4.53,1.8
12,429,42900,car,982.28,1005.539,-7.924,0.506,3.078,4.53,1.8
12,430,43000,car,981.488,1005.584,-7.934,0.474,3.082,4.53,1.8
12,431,43100,car,980.694,1005.626,-7.944,0.439,3.086,4.53,1.8
12,432,43200,car,979.899,1005.663,-7.955,0.401,3.091,4.53,1.8
12,433,43300,car,979.103,1005.697,-7.968,0.361,3.096,4.53,1.8
12,434,43400,car,978.306,1005.725,-7.982,0.318,3.102,4.53,1.8
12,435,43500,car,977.508,1005.749,-7.998,0.273,3.108,4.53,1.8
12,436,43600,car,976.708,1005.769,-8.015,0.226,3.113,4.53,1.8
12,437,43700,car,975.906,1005.783,-8.034,0.178,3.119,4.53,1.8
12,438,43800,car,975.102,1005.793,-8.053,0.13,3.125,4.53,1.8
12,439,43900,car,974.297,1005.798,-8.071,0.081,3.132,4.53,1.8
12,440,44000,car,973.49,1005.798,-8.088,0.033,3.137,4.53,1.8
12,441,44100,car,972.681,1005.794,-8.101,-0.013,-3.14,4.53,1.8
12,442,44200,car,971.871,1005.785,-8.112,-0.058,-3.134,4.53,1.8
12,443,44300,car,971.06,1005.772,-8.118,-0.101,-3.129,4.53,1.8
12,444,44400,car,970.248,1005.755,-8.12,-0.14,-3.124,4.53,1.8
12,445,44500,car,969.436,1005.735,-8.119,-0.177,-3.12,4.53,1.8
12,446,44600,car,968.625,1005.712,-8.114,-0.211,-3.116,4.53,1.8
12,447,44700,car,967.813,1005.686,-8.108,-0.241,-3.112,4.53,1.8
12,448,44800,car,967.003,1005.657,-8.1,-0.268,-3.109,4.53,1.8
12,449,44900,car,966.193,1005.627,-8.092,-0.291,-3.106,4.53,1.8
12,450,45000,car,965.384,1005.594,-8.086,-0.312,-3.103,4.53,1.8
12,451,45100,car,964.575,1005.56,-8.081,-0.331,-3.101,4.53,1.8
12,452,45200,car,963.767,1005.524,-8.08,-0.347,-3.099,4.53,1.8
12,453,45300,car,962.959,1005.487,-8.082,-0.361,-3.097,4.53,1.8
12,454,45400,car,962.151,1005.449,-8.088,-0.374,-3.095,4.53,1.8
12,455,45500,car,961.342,1005.41,-8.097,-0.385,-3.094,4.53,1.8
12,456,45600,car,960.533,1005.369,-8.109,-0.395,-3.093,4.53,1.8
12,457,45700,car,959.722,1005.329,-8.123,-0.404,-3.092,4.53,1.8
12,458,45800,car,958.91,1005.287,-8.139,-0.412,-3.091,4.53,1.8
12,459,45900,car,958.096,1005.245,-8.155,-0.418,-3.09,4.53,1.8
12,460,46000,car,957.28,1005.203,-8.17,-0.422,-3.09,4.53,1.8
12,461,46100,car,956.463,1005.16,-8.183,-0.424,-3.09,4.53,1.8
12,462,46200,car,955.645,1005.118,-8.192,-0.423,-3.09,4.53,1.8
12,463,46300,car,954.826,1005.077,-8.197,-0.418,-3.091,4.53,1.8
12,464,46400,car,954.006,1005.036,-8.197,-0.41,-3.092,4.53,1.8
12,465,46500,car,953.186,1004.997,-8.192,-0.397,-3.093,4.53,1.8
12,466,46600,car,952.367,1004.96,-8.182,-0.38,-3.095,4.53,1.8
12,467,46700,car,951.548,1004.925,-8.168,-0.359,-3.098,4.53,1.8
12,468,46800,car,950.731,1004.894,-8.151,-0.335,-3.101,4.53,1.8
12,469,46900,car,949.916,1004.865,-8.132,-0.306,-3.104,4.53,1.8
12,470,47000,car,949.103,1004.839,-8.113,-0.275,-3.108,4.53,1.8
12,471,47100,car,948.291,1004.817,-8.095,-0.241,-3.112,4.53,1.8
12,472,47200,car,947.482,1004.799,-8.079,-0.206,-3.116,4.53,1.8
12,473,47300,car,946.673,1004.784,-8.067,-0.17,-3.121,4.53,1.8
12,474,47400,car,945.867,1004.773,-8.058,-0.134,-3.125,4.53,1.8
12,475,47500,car,945.061,1004.766,-8.055,-0.098,-3.129,4.53,1.8
12,476,47600,car,944.255,1004.762,-8.057,-0.062,-3.134,4.53,1.8
12,477,47700,car,943.45,1004.762,-8.064,-0.027,-3.138,4.53,1.8
12,478,47800,car,942.643,1004.765,-8.078,0.008,3.141,4.53,1.8
12,479,47900,car,941.835,1004.771,-8.096,0.042,3.136,4.53,1.8
12,480,48000,car,941.026,1004.781,-8.118,0.075,3.132,4.53,1.8
12,481,48100,car,940.214,1004.794,-8.144,0.109,3.128,4.53,1.8
12,482,48200,car,939.4,1004.81,-8.173,0.142,3.124,4.53,1.8
12,483,48300,car,938.582,1004.83,-8.204,0.175,3.12,4.53,1.8
12,484,48400,car,937.762,1004.853,-8.235,0.209,3.116,4.53,1.8
12,485,48500,car,936.939,1004.879,-8.267,0.243,3.112,4.53,1.8
12,486,48600,car,936.112,1004.909,-8.297,0.278,3.108,4.53,1.8
12,487,48700,car,935.283,1004.942,-8.327,0.312,3.104,4.53,1.8
12,488,48800,car,934.45,1004.979,-8.355,0.347,3.1,4.53,1.8
12,489,48900,car,933.615,1005.019,-8.381,0.382,3.096,4.53,1.8
12,490,49000,car,932.777,1005.062,-8.405,0.416,3.092,4.53,1.8
12,491,49100,car,931.937,1005.109,-8.427,0.448,3.088,4.53,1.8
12,492,49200,car,931.095,1005.158,-8.449,0.479,3.085,4.53,1.8
12,493,49300,car,930.25,1005.211,-8.47,0.508,3.082,4.53,1.8
12,494,49400,car,929.403,1005.265,-8.492,0.535,3.079,4.53,1.8
12,495,49500,car,928.554,1005.323,-8.516,0.56,3.076,4.53,1.8
12,496,49600,car,927.703,1005.382,-8.543,0.582,3.074,4.53,1.8
12,497,49700,car,926.849,1005.442,-8.573,0.601,3.072,4.53,1.8
12,498,49800,car,925.992,1005.505,-8.607,0.618,3.07,4.53,1.8
12,499,49900,car,925.131,1005.568,-8.644,0.632,3.069,4.53,1.8
12,500,50000,car,924.267,1005.633,-8.685,0.645,3.067,4.53,1.8
12,501,50100,car,923.398,1005.699,-8.728,0.656,3.067,4.53,1.8
12,502,50200,car,922.525,1005.765,-8.773,0.665,3.066,4.53,1.8
12,503,50300,car,921.648,1005.833,-8.82,0.673,3.065,4.53,1.8
12,504,50400,car,920.766,1005.901,-8.866,0.681,3.065,4.53,1.8
12,505,50500,car,919.88,1005.969,-8.913,0.689,3.064,4.53,1.8
12,506,50600,car,918.988,1006.039,-8.958,0.696,3.064,4.53,1.8
12,507,50700,car,918.093,1006.109,-9.002,0.703,3.064,4.53,1.8
12,508,50800,car,917.192,1006.18,-9.045,0.711,3.063,4.53,1.8
12,509,50900,car,916.288,1006.252,-9.085,0.718,3.063,4.53,1.8
12,510,51000,car,915.38,1006.324,-9.122,0.725,3.062,4.53,1.8
12,511,51100,car,914.467,1006.397,-9.157,0.732,3.062,4.53,1.8
12,512,51200,car,913.552,1006.471,-9.188,0.738,3.061,4.53,1.8
12,513,51300,car,912.633,1006.545,-9.216,0.743,3.061,4.53,1.8
12,514,51400,car,911.711,1006.62,-9.242,0.746,3.061,4.53,1.8
12,515,51500,car,910.787,1006.694,-9.266,0.749,3.061,4.53,1.8
12,516,51600,car,909.861,1006.769,-9.288,0.75,3.061,4.53,1.8
12,517,51700,car,908.932,1006.844,-9.31,0.75,3.061,4.53,1.8
12,518,51800,car,908.001,1006.919,-9.331,0.75,3.061,4.53,1.8
12,519,51900,car,907.068,1006.993,-9.352,0.749,3.062,4.53,1.8
12,520,52000,car,906.132,1007.068,-9.372,0.747,3.062,4.53,1.8
12,521,52100,car,905.195,1007.142,-9.393,0.746,3.062,4.53,1.8
12,522,52200,car,904.256,1007.216,-9.412,0.745,3.063,4.53,1.8
12,523,52300,car,903.315,1007.291,-9.43,0.745,3.063,4.53,1.8
12,524,52400,car,902.372,1007.365,-9.447,0.745,3.063,4.53,1.8
12,525,52500,car,901.427,1007.439,-9.461,0.746,3.063,4.53,1.8
12,526,52600,car,900.481,1007.514,-9.473,0.747,3.063,4.53,1.8
12,527,52700,car,899.533,1007.589,-9.483,0.749,3.063,4.53,1.8
12,528,52800,car,898.585,1007.664,-9.489,0.751,3.063,4.53,1.8
12,529,52900,car,897.636,1007.739,-9.492,0.752,3.062,4.53,1.8
12,530,53000,car,896.687,1007.815,-9.494,0.754,3.062,4.53,1.8
12,531,53100,car,895.738,1007.89,-9.493,0.756,3.062,4.53,1.8
13,391,39100,car,1011.856,1006.167,-5.92,0.551,3.049,4.33,1.79
13,392,39200,car,1011.264,1006.221,-5.924,0.544,3.05,4.33,1.79
13,393,39300,car,1010.671,1006.273,-5.925,0.535,3.051,4.33,1.79
13,394,39400,car,1010.079,1006.325,-5.923,0.526,3.053,4.33,1.79
13,395,39500,car,1009.486,1006.376,-5.918,0.516,3.055,4.33,1.79
13,396,39600,car,1008.894,1006.425,-5.912,0.505,3.056,4.33,1.79
13,397,39700,car,1008.303,1006.473,-5.904,0.494,3.058,4.33,1.79
13,398,39800,car,1007.712,1006.52,-5.896,0.482,3.06,4.33,1.79
13,399,39900,car,1007.123,1006.566,-5.887,0.47,3.062,4.33,1.79
13,400,40000,car,1006.534,1006.611,-5.877,0.458,3.064,4.33,1.79
13,401,40100,car,1005.946,1006.654,-5.867,0.446,3.066,4.33,1.79
13,402,40200,car,1005.359,1006.696,-5.855,0.434,3.068,4.33,1.79
13,403,40300,car,1004.773,1006.738,-5.842,0.423,3.069,4.33,1.79
13,404,40400,car,1004.189,1006.778,-5.827,0.413,3.071,4.33,1.79
13,405,40500,car,1003.606,1006.818,-5.811,0.403,3.072,4.33,1.79
13,406,40600,car,1003.025,1006.856,-5.794,0.395,3.074,4.33,1.79
13,407,40700,car,1002.445,1006.894,-5.778,0.387,3.075,4.33,1.79
13,408,40800,car,1001.868,1006.932,-5.763,0.381,3.076,4.33,1.79
13,409,40900,car,1001.291,1006.969,-5.75,0.375,3.076,4.33,1.79
13,410,41000,car,1000.716,1007.006,-5.74,0.371,3.077,4.33,1.79
13,411,41100,car,1000.142,1007.042,-5.735,0.368,3.078,4.33,1.79
13,412,41200,car,999.569,1007.079,-5.735,0.366,3.078,4.33,1.79
13,413,41300,car,998.995,1007.115,-5.742,0.365,3.078,4.33,1.79
13,414,41400,car,998.421,1007.151,-5.757,0.366,3.078,4.33,1.79
13,415,41500,car,997.845,1007.188,-5.78,0.368,3.078,4.33,1.79
13,416,41600,car,997.267,1007.225,-5.811,0.371,3.078,4.33,1.79
13,417,41700,car,996.686,1007.263,-5.85,0.376,3.077,4.33,1.79
13,418,41800,car,996.101,1007.301,-5.898,0.381,3.077,4.33,1.79
13,419,41900,car,995.512,1007.339,-5.954,0.387,3.077,4.33,1.79
13,420,42000,car,994.916,1007.379,-6.016,0.394,3.076,4.33,1.79
13,421,42100,car,994.315,1007.419,-6.085,0.402,3.076,4.33,1.79
13,422,42200,car,993.706,1007.46,-6.16,0.41,3.075,4.33,1.79
13,423,42300,car,993.09,1007.501,-6.238,0.418,3.075,4.33,1.79
13,424,42400,car,992.466,1007.543,-6.32,0.426,3.074,4.33,1.79
13,425,42500,car,991.834,1007.586,-6.404,0.433,3.074,4.33,1.79
13,426,42600,car,991.194,1007.629,-6.49,0.438,3.074,4.33,1.79
13,427,42700,car,990.545,1007.673,-6.575,0.443,3.074,4.33,1.79
13,428,42800,car,989.887,1007.717,-6.66,0.446,3.075,4.33,1.79
13,429,42900,car,989.221,1007.761,-6.743,0.447,3.075,4.33,1.79
13,430,43000,car,988.547,1007.804,-6.823,0.446,3.076,4.33,1.79
13,431,43100,car,987.865,1007.848,-6.9,0.443,3.077,4.33,1.79
13,432,43200,car,987.174,1007.89,-6.974,0.438,3.079,4.33,1.79
13,433,43300,car,986.477,1007.932,-7.043,0.43,3.081,4.33,1.79
13,434,43400,car,985.772,1007.973,-7.109,0.42,3.083,4.33,1.79
13,435,43500,car,985.061,1008.012,-7.17,0.409,3.085,4.33,1.79
13,436,43600,car,984.344,1008.05,-7.227,0.395,3.087,4.33,1.79
13,437,43700,car,983.621,1008.087,-7.281,0.379,3.09,4.33,1.79
13,438,43800,car,982.893,1008.121,-7.33,0.362,3.092,4.33,1.79
13,439,43900,car,982.16,1008.154,-7.375,0.344,3.095,4.33,1.79
13,440,44000,car,981.422,1008.185,-7.417,0.324,3.098,4.33,1.79
13,441,44100,car,980.68,1008.213,-7.455,0.303,3.101,4.33,1.79
13,442,44200,car,979.935,1008.24,-7.489,0.28,3.104,4.33,1.79
13,443,44300,car,979.186,1008.263,-7.52,0.255,3.108,4.33,1.79
13,444,44400,car,978.433,1008.285,-7.548,0.23,3.111,4.33,1.79
13,445,44500,car,977.678,1008.303,-7.573,0.202,3.115,4.33,1.79
13,446,44600,car,976.921,1008.318,-7.594,0.172,3.119,4.33,1.79
13,447,44700,car,976.162,1008.33,-7.612,0.14,3.123,4.33,1.79
13,448,44800,car,975.4,1008.339,-7.627,0.106,3.128,4.33,1.79
13,449,44900,car,974.638,1008.343,-7.637,0.069,3.133,4.33,1.79
13,450,45000,car,973.874,1008.344,-7.643,0.029,3.138,4.33,1.79
13,451,45100,car,973.109,1008.34,-7.645,-0.013,-3.14,4.33,1.79
13,452,45200,car,972.345,1008.331,-7.642,-0.058,-3.134,4.33,1.79
13,453,45300,car,971.581,1008.317,-7.634,-0.106,-3.128,4.33,1.79
13,454,45400,car,970.818,1008.299,-7.622,-0.156,-3.121,4.33,1.79
13,455,45500,car,970.056,1008.275,-7.606,-0.208,-3.114,4.33,1.79
13,456,45600,car,969.295,1008.245,-7.588,-0.262,-3.107,4.33,1.79
13,457,45700,car,968.537,1008.21,-7.567,-0.316,-3.1,4.33,1.79
13,458,45800,car,967.78,1008.169,-7.546,-0.37,-3.093,4.33,1.79
13,459,45900,car,967.026,1008.123,-7.525,-0.425,-3.085,4.33,1.79
13,460,46000,car,966.274,1008.071,-7.505,-0.478,-3.078,4.33,1.79
13,461,46100,car,965.525,1008.015,-7.486,-0.529,-3.071,4.33,1.79
13,462,46200,car,964.777,1007.954,-7.468,-0.579,-3.064,4.33,1.79
13,463,46300,car,964.031,1007.888,-7.451,-0.625,-3.058,4.33,1.79
13,464,46400,car,963.286,1007.818,-7.435,-0.669,-3.052,4.33,1.79
13,465,46500,car,962.543,1007.744,-7.42,-0.71,-3.046,4.33,1.79
13,466,46600,car,961.802,1007.667,-7.406,-0.748,-3.041,4.33,1.79
13,467,46700,car,961.062,1007.586,-7.393,-0.782,-3.036,4.33,1.79
13,468,46800,car,960.323,1007.502,-7.382,-0.814,-3.032,4.33,1.79
13,469,46900,car,959.585,1007.416,-7.371,-0.843,-3.028,4.33,1.79
13,470,47000,car,958.849,1007.327,-7.362,-0.869,-3.024,4.33,1.79
13,471,47100,car,958.113,1007.236,-7.355,-0.893,-3.021,4.33,1.79
13,472,47200,car,957.378,1007.143,-7.348,-0.915,-3.018,4.33,1.79
13,473,47300,car,956.644,1007.048,-7.343,-0.936,-3.015,4.33,1.79
13,474,47400,car,955.91,1006.951,-7.338,-0.954,-3.012,4.33,1.79
13,475,47500,car,955.176,1006.853,-7.334,-0.971,-3.01,4.33,1.79
13,476,47600,car,954.443,1006.754,-7.33,-0.985,-3.008,4.33,1.79
13,477,47700,car,953.71,1006.653,-7.325,-0.997,-3.006,4.33,1.79
13,478,47800,car,952.978,1006.552,-7.32,-1.007,-3.005,4.33,1.79
13,479,47900,car,952.246,1006.45,-7.314,-1.013,-3.004,4.33,1.79
13,480,48000,car,951.515,1006.348,-7.307,-1.016,-3.003,4.33,1.79
13,481,48100,car,950.784,1006.246,-7.3,-1.015,-3.003,4.33,1.79
13,482,48200,car,950.054,1006.145,-7.293,-1.01,-3.004,4.33,1.79
13,483,48300,car,949.324,1006.046,-7.287,-1.001,-3.005,4.33,1.79
13,484,48400,car,948.595,1005.948,-7.282,-0.987,-3.007,4.33,1.79
13,485,48500,car,947.867,1005.852,-7.28,-0.969,-3.009,4.33,1.79
13,486,48600,car,947.138,1005.759,-7.281,-0.946,-3.012,4.33,1.79
13,487,48700,car,946.41,1005.669,-7.284,-0.918,-3.016,4.33,1.79
13,488,48800,car,945.68,1005.583,-7.291,-0.886,-3.021,4.33,1.79
13,489,48900,car,944.95,1005.501,-7.301,-0.848,-3.026,4.33,1.79
13,490,49000,car,944.219,1005.423,-7.313,-0.806,-3.032,4.33,1.79
13,491,49100,car,943.487,1005.351,-7.326,-0.759,-3.038,4.33,1.79
13,492,49200,car,942.754,1005.283,-7.341,-0.707,-3.046,4.33,1.79
13,493,49300,car,942.019,1005.222,-7.355,-0.651,-3.053,4.33,1.79
13,494,49400,car,941.282,1005.167,-7.367,-0.592,-3.061,4.33,1.79
13,495,49500,car,940.545,1005.119,-7.378,-0.528,-3.07,4.33,1.79
13,496,49600,car,939.806,1005.077,-7.387,-0.463,-3.079,4.33,1.79
13,497,49700,car,939.067,1005.042,-7.394,-0.395,-3.088,4.33,1.79
13,498,49800,car,938.327,1005.014,-7.399,-0.325,-3.098,4.33,1.79
13,499,49900,car,937.586,1004.993,-7.404,-0.256,-3.107,4.33,1.79
13,500,50000,car,936.846,1004.979,-7.409,-0.186,-3.116,4.33,1.79
13,501,50100,car,936.105,1004.972,-7.416,-0.117,-3.126,4.33,1.79
13,502,50200,car,935.363,1004.972,-7.426,-0.05,-3.135,4.33,1.79
13,503,50300,car,934.62,1004.978,-7.439,0.016,3.139,4.33,1.79
13,504,50400,car,933.876,1004.99,-7.457,0.08,3.131,4.33,1.79
13,505,50500,car,933.131,1005.008,-7.478,0.142,3.123,4.33,1.79
13,506,50600,car,932.383,1005.032,-7.503,0.201,3.115,4.33,1.79
13,507,50700,car,931.633,1005.062,-7.532,0.258,3.107,4.33,1.79
13,508,50800,car,930.88,1005.096,-7.565,0.313,3.1,4.33,1.79
13,509,50900,car,930.124,1005.136,-7.6,0.365,3.094,4.33,1.79
13,510,51000,car,929.365,1005.18,-7.639,0.415,3.087,4.33,1.79
13,511,51100,car,928.601,1005.229,-7.68,0.462,3.082,4.33,1.79
13,512,51200,car,927.834,1005.282,-7.724,0.506,3.076,4.33,1.79
13,513,51300,car,927.062,1005.339,-7.77,0.548,3.071,4.33,1.79
13,514,51400,car,926.285,1005.399,-7.819,0.587,3.067,4.33,1.79
13,515,51500,car,925.503,1005.463,-7.871,0.623,3.063,4.33,1.79
13,516,51600,car,924.717,1005.53,-7.926,0.656,3.059,4.33,1.79
13,517,51700,car,923.924,1005.599,-7.984,0.686,3.056,4.33,1.79
13,518,51800,car,923.126,1005.671,-8.045,0.713,3.053,4.33,1.79
13,519,51900,car,922.322,1005.745,-8.109,0.736,3.051,4.33,1.79
13,520,52000,car,921.511,1005.821,-8.177,0.755,3.049,4.33,1.79
13,521,52100,car,920.694,1005.898,-8.248,0.771,3.048,4.33,1.79
13,522,52200,car,919.869,1005.976,-8.321,0.784,3.048,4.33,1.79
13,523,52300,car,919.037,1006.055,-8.397,0.793,3.047,4.33,1.79
13,524,52400,car,918.197,1006.134,-8.475,0.798,3.048,4.33,1.79
13,525,52500,car,917.349,1006.213,-8.553,0.8,3.048,4.33,1.79
13,526,52600,car,916.494,1006.292,-8.631,0.8,3.049,4.33,1.79
13,527,52700,car,915.631,1006.371,-8.708,0.797,3.05,4.33,1.79
13,528,52800,car,914.76,1006.449,-8.783,0.792,3.052,4.33,1.79
13,529,52900,car,913.881,1006.526,-8.856,0.785,3.053,4.33,1.79
13,530,53000,car,912.996,1006.603,-8.927,0.777,3.055,4.33,1.79
13,531,53100,car,912.103,1006.679,-8.996,0.769,3.056,4.33,1.79
13,532,53200,car,911.203,1006.754,-9.062,0.76,3.058,4.33,1.79
13,533,53300,car,910.297,1006.828,-9.127,0.751,3.059,4.33,1.79
13,534,53400,car,909.384,1006.901,-9.19,0.743,3.061,4.33,1.79
13,535,53500,car,908.465,1006.974,-9.251,0.736,3.062,4.33,1.79
13,536,53600,car,907.539,1007.046,-9.312,0.729,3.063,4.33,1.79
13,537,53700,car,906.608,1007.118,-9.371,0.724,3.065,4.33,1.79
13,538,53800,car,905.671,1007.189,-9.429,0.719,3.066,4.33,1.79
13,539,53900,car,904.728,1007.26,-9.484,0.715,3.066,4.33,1.79
13,540,54000,car,903.779,1007.33,-9.535,0.711,3.067,4.33,1.79
13,541,54100,car,902.826,1007.4,-9.582,0.708,3.068,4.33,1.79
13,542,54200,car,901.868,1007.47,-9.624,0.706,3.068,4.33,1.79
13,543,54300,car,900.905,1007.54,-9.658,0.703,3.069,4.33,1.79
13,544,54400,car,899.939,1007.61,-9.686,0.7,3.069,4.33,1.79
13,545,54500,car,898.971,1007.679,-9.706,0.696,3.07,4.33,1.79
13,546,54600,car,898,1007.748,-9.72,0.693,3.07,4.33,1.79
13,547,54700,car,897.028,1007.817,-9.727,0.689,3.071,4.33,1.79
13,548,54800,car,896.055,1007.885,-9.73,0.684,3.071,4.33,1.79
13,549,54900,car,895.082,1007.953,-9.731,0.68,3.072,4.33,1.79
14,401,40100,car,1011.67,1003.052,-6.367,0.52,3.06,3.63,1.69
14,402,40200,car,1011.034,1003.104,-6.367,0.518,3.06,3.63,1.69
14,403,40300,car,1010.397,1003.155,-6.359,0.516,3.061,3.63,1.69
14,404,40400,car,1009.761,1003.207,-6.343,0.514,3.061,3.63,1.69
14,405,40500,car,1009.126,1003.258,-6.319,0.51,3.061,3.63,1.69
14,406,40600,car,1008.495,1003.308,-6.289,0.506,3.061,3.63,1.69
14,407,40700,car,1007.866,1003.359,-6.255,0.501,3.062,3.63,1.69
14,408,40800,car,1007.24,1003.408,-6.22,0.495,3.062,3.63,1.69
14,409,40900,car,1006.618,1003.457,-6.184,0.489,3.063,3.63,1.69
14,410,41000,car,1006,1003.505,-6.15,0.483,3.063,3.63,1.69
14,411,41100,car,1005.384,1003.553,-6.119,0.477,3.064,3.63,1.69
14,412,41200,car,1004.772,1003.6,-6.09,0.47,3.065,3.63,1.69
14,413,41300,car,1004.163,1003.646,-6.065,0.463,3.065,3.63,1.69
14,414,41400,car,1003.557,1003.691,-6.044,0.457,3.066,3.63,1.69
14,415,41500,car,1002.952,1003.736,-6.026,0.452,3.067,3.63,1.69
14,416,41600,car,1002.35,1003.78,-6.01,0.447,3.067,3.63,1.69
14,417,41700,car,1001.749,1003.824,-5.998,0.443,3.068,3.63,1.69
14,418,41800,car,1001.149,1003.868,-5.987,0.44,3.068,3.63,1.69
14,419,41900,car,1000.55,1003.912,-5.978,0.439,3.068,3.63,1.69
14,420,42000,car,999.952,1003.956,-5.971,0.439,3.068,3.63,1.69
14,421,42100,car,999.355,1004,-5.965,0.44,3.068,3.63,1.69
14,422,42200,car,998.759,1004.045,-5.962,0.443,3.067,3.63,1.69
14,423,42300,car,998.163,1004.09,-5.96,0.447,3.067,3.63,1.69
14,424,42400,car,997.567,1004.136,-5.962,0.452,3.066,3.63,1.69
14,425,42500,car,996.971,1004.182,-5.968,0.458,3.065,3.63,1.69
14,426,42600,car,996.374,1004.229,-5.978,0.465,3.064,3.63,1.69
14,427,42700,car,995.776,1004.277,-5.992,0.472,3.063,3.63,1.69
14,428,42800,car,995.177,1004.325,-6.011,0.479,3.062,3.63,1.69
14,429,42900,car,994.576,1004.374,-6.035,0.486,3.061,3.63,1.69
14,430,43000,car,993.972,1004.423,-6.063,0.493,3.061,3.63,1.69
14,431,43100,car,993.366,1004.473,-6.096,0.499,3.06,3.63,1.69
14,432,43200,car,992.757,1004.524,-6.133,0.504,3.06,3.63,1.69
14,433,43300,car,992.143,1004.574,-6.175,0.508,3.06,3.63,1.69
14,434,43400,car,991.526,1004.625,-6.221,0.512,3.06,3.63,1.69
14,435,43500,car,990.904,1004.676,-6.272,0.514,3.06,3.63,1.69
14,436,43600,car,990.276,1004.727,-6.327,0.516,3.06,3.63,1.69
14,437,43700,car,989.644,1004.778,-6.386,0.517,3.061,3.63,1.69
14,438,43800,car,989.005,1004.829,-6.45,0.517,3.062,3.63,1.69
14,439,43900,car,988.36,1004.879,-6.518,0.517,3.062,3.63,1.69
14,440,44000,car,987.708,1004.93,-6.59,0.516,3.063,3.63,1.69
14,441,44100,car,987.049,1004.98,-6.664,0.514,3.065,3.63,1.69
14,442,44200,car,986.382,1005.03,-6.742,0.512,3.066,3.63,1.69
14,443,44300,car,985.708,1005.08,-6.821,0.509,3.067,3.63,1.69
14,444,44400,car,985.026,1005.129,-6.903,0.504,3.069,3.63,1.69
14,445,44500,car,984.335,1005.177,-6.985,0.498,3.07,3.63,1.69
14,446,44600,car,983.637,1005.224,-7.067,0.491,3.072,3.63,1.69
14,447,44700,car,982.93,1005.271,-7.149,0.48,3.074,3.63,1.69
14,448,44800,car,982.215,1005.316,-7.231,0.468,3.077,3.63,1.69
14,449,44900,car,981.491,1005.359,-7.311,0.451,3.08,3.63,1.69
14,450,45000,car,980.76,1005.4,-7.388,0.431,3.083,3.63,1.69
14,451,45100,car,980.021,1005.438,-7.461,0.407,3.087,3.63,1.69
14,452,45200,car,979.274,1005.474,-7.531,0.378,3.091,3.63,1.69
14,453,45300,car,978.521,1005.506,-7.594,0.345,3.096,3.63,1.69
14,454,45400,car,977.761,1005.534,-7.651,0.307,3.102,3.63,1.69
14,455,45500,car,976.996,1005.558,-7.701,0.264,3.107,3.63,1.69
14,456,45600,car,976.226,1005.577,-7.742,0.219,3.113,3.63,1.69
14,457,45700,car,975.451,1005.591,-7.774,0.17,3.12,3.63,1.69
14,458,45800,car,974.674,1005.6,-7.797,0.119,3.126,3.63,1.69
14,459,45900,car,973.894,1005.604,-7.811,0.068,3.133,3.63,1.69
14,460,46000,car,973.113,1005.603,-7.815,0.017,3.139,3.63,1.69
14,461,46100,car,972.331,1005.596,-7.81,-0.033,-3.137,3.63,1.69
14,462,46200,car,971.55,1005.586,-7.797,-0.08,-3.131,3.63,1.69
14,463,46300,car,970.771,1005.571,-7.778,-0.125,-3.126,3.63,1.69
14,464,46400,car,969.993,1005.552,-7.754,-0.166,-3.12,3.63,1.69
14,465,46500,car,969.218,1005.529,-7.726,-0.202,-3.115,3.63,1.69
14,466,46600,car,968.445,1005.504,-7.696,-0.235,-3.111,3.63,1.69
14,467,46700,car,967.676,1005.475,-7.666,-0.263,-3.107,3.63,1.69
14,468,46800,car,966.909,1005.445,-7.637,-0.287,-3.104,3.63,1.69
14,469,46900,car,966.146,1005.413,-7.61,-0.308,-3.101,3.63,1.69
14,470,47000,car,965.385,1005.379,-7.586,-0.325,-3.099,3.63,1.69
14,471,47100,car,964.626,1005.345,-7.565,-0.339,-3.097,3.63,1.69
14,472,47200,car,963.87,1005.309,-7.547,-0.35,-3.095,3.63,1.69
14,473,47300,car,963.115,1005.272,-7.533,-0.359,-3.094,3.63,1.69
14,474,47400,car,962.362,1005.235,-7.521,-0.367,-3.093,3.63,1.69
14,475,47500,car,961.61,1005.197,-7.511,-0.373,-3.092,3.63,1.69
14,476,47600,car,960.859,1005.159,-7.502,-0.377,-3.091,3.63,1.69
14,477,47700,car,960.109,1005.121,-7.493,-0.381,-3.091,3.63,1.69
14,478,47800,car,959.359,1005.082,-7.484,-0.383,-3.091,3.63,1.69
14,479,47900,car,958.611,1005.044,-7.473,-0.383,-3.09,3.63,1.69
14,480,48000,car,957.864,1005.006,-7.46,-0.382,-3.09,3.63,1.69
14,481,48100,car,957.118,1004.968,-7.445,-0.378,-3.091,3.63,1.69
14,482,48200,car,956.373,1004.931,-7.426,-0.371,-3.092,3.63,1.69
14,483,48300,car,955.63,1004.896,-7.403,-0.361,-3.093,3.63,1.69
14,484,48400,car,954.89,1004.862,-7.377,-0.347,-3.095,3.63,1.69
14,485,48500,car,954.152,1004.83,-7.348,-0.329,-3.097,3.63,1.69
14,486,48600,car,953.417,1004.8,-7.316,-0.308,-3.099,3.63,1.69
14,487,48700,car,952.685,1004.773,-7.281,-0.283,-3.103,3.63,1.69
14,488,48800,car,951.957,1004.75,-7.244,-0.256,-3.106,3.63,1.69
14,489,48900,car,951.232,1004.729,-7.206,-0.225,-3.11,3.63,1.69
14,490,49000,car,950.512,1004.712,-7.168,-0.194,-3.115,3.63,1.69
14,491,49100,car,949.795,1004.698,-7.129,-0.161,-3.119,3.63,1.69
14,492,49200,car,949.082,1004.687,-7.091,-0.13,-3.123,3.63,1.69
14,493,49300,car,948.372,1004.68,-7.053,-0.099,-3.128,3.63,1.69
14,494,49400,car,947.667,1004.675,-7.017,-0.07,-3.132,3.63,1.69
14,495,49500,car,946.965,1004.672,-6.982,-0.045,-3.135,3.63,1.69
14,496,49600,car,946.267,1004.672,-6.949,-0.022,-3.138,3.63,1.69
14,497,49700,car,945.572,1004.673,-6.917,-0.003,-3.141,3.63,1.69
14,498,49800,car,944.88,1004.675,-6.888,0.013,3.14,3.63,1.69
14,499,49900,car,944.192,1004.679,-6.861,0.026,3.138,3.63,1.69
14,500,50000,car,943.506,1004.683,-6.835,0.035,3.136,3.63,1.69
14,501,50100,car,942.822,1004.688,-6.812,0.043,3.135,3.63,1.69
14,502,50200,car,942.141,1004.693,-6.791,0.049,3.134,3.63,1.69
14,503,50300,car,941.462,1004.699,-6.772,0.053,3.134,3.63,1.69
14,504,50400,car,940.784,1004.705,-6.756,0.058,3.133,3.63,1.69
14,505,50500,car,940.109,1004.712,-6.742,0.062,3.132,3.63,1.69
14,506,50600,car,939.434,1004.719,-6.731,0.068,3.132,3.63,1.69
14,507,50700,car,938.761,1004.727,-6.723,0.075,3.13,3.63,1.69
14,508,50800,car,938.089,1004.736,-6.718,0.084,3.129,3.63,1.69
14,509,50900,car,937.417,1004.747,-6.716,0.096,3.127,3.63,1.69
14,510,51000,car,936.746,1004.759,-6.717,0.11,3.125,3.63,1.69
14,511,51100,car,936.074,1004.773,-6.722,0.126,3.123,3.63,1.69
14,512,51200,car,935.402,1004.789,-6.728,0.146,3.12,3.63,1.69
14,513,51300,car,934.729,1004.807,-6.737,0.167,3.117,3.63,1.69
14,514,51400,car,934.055,1004.828,-6.747,0.191,3.113,3.63,1.69
14,515,51500,car,933.381,1004.852,-6.758,0.217,3.109,3.63,1.69
14,516,51600,car,932.705,1004.879,-6.769,0.244,3.106,3.63,1.69
14,517,51700,car,932.028,1004.908,-6.78,0.272,3.101,3.63,1.69
14,518,51800,car,931.351,1004.94,-6.79,0.301,3.097,3.63,1.69
14,519,51900,car,930.672,1004.976,-6.801,0.33,3.093,3.63,1.69
14,520,52000,car,929.992,1005.014,-6.811,0.358,3.089,3.63,1.69
14,521,52100,car,929.311,1005.054,-6.821,0.385,3.085,3.63,1.69
14,522,52200,car,928.629,1005.097,-6.833,0.412,3.081,3.63,1.69
14,523,52300,car,927.946,1005.143,-6.846,0.436,3.078,3.63,1.69
14,524,52400,car,927.262,1005.19,-6.862,0.459,3.075,3.63,1.69
14,525,52500,car,926.576,1005.24,-6.883,0.481,3.072,3.63,1.69
14,526,52600,car,925.888,1005.291,-6.908,0.501,3.069,3.63,1.69
14,527,52700,car,925.197,1005.344,-6.941,0.519,3.067,3.63,1.69
14,528,52800,car,924.504,1005.398,-6.981,0.536,3.065,3.63,1.69
14,529,52900,car,923.806,1005.454,-7.03,0.552,3.063,3.63,1.69
14,530,53000,car,923.103,1005.511,-7.088,0.567,3.062,3.63,1.69
14,531,53100,car,922.394,1005.569,-7.156,0.581,3.061,3.63,1.69
14,532,53200,car,921.678,1005.629,-7.231,0.594,3.06,3.63,1.69
14,533,53300,car,920.955,1005.689,-7.315,0.607,3.059,3.63,1.69
14,534,53400,car,920.224,1005.751,-7.405,0.619,3.058,3.63,1.69
14,535,53500,car,919.483,1005.813,-7.501,0.63,3.058,3.63,1.69
14,536,53600,car,918.733,1005.877,-7.6,0.641,3.057,3.63,1.69
14,537,53700,car,917.973,1005.941,-7.701,0.651,3.057,3.63,1.69
14,538,53800,car,917.203,1006.006,-7.802,0.66,3.057,3.63,1.69
14,539,53900,car,916.423,1006.072,-7.902,0.668,3.057,3.63,1.69
14,540,54000,car,915.633,1006.139,-7.998,0.676,3.057,3.63,1.69
14,541,54100,car,914.833,1006.207,-8.091,0.683,3.057,3.63,1.69
14,542,54200,car,914.024,1006.275,-8.179,0.689,3.058,3.63,1.69
14,543,54300,car,913.206,1006.343,-8.263,0.694,3.058,3.63,1.69
14,544,54400,car,912.38,1006.412,-8.342,0.699,3.058,3.63,1.69
14,545,54500,car,911.545,1006.482,-8.417,0.702,3.058,3.63,1.69
14,546,54600,car,910.704,1006.552,-8.49,0.706,3.059,3.63,1.69
14,547,54700,car,909.855,1006.622,-8.56,0.708,3.059,3.63,1.69
14,548,54800,car,908.999,1006.692,-8.629,0.71,3.059,3.63,1.69
14,549,54900,car,908.136,1006.763,-8.697,0.712,3.06,3.63,1.69
14,550,55000,car,907.266,1006.834,-8.764,0.714,3.06,3.63,1.69
14,551,55100,car,906.389,1006.904,-8.831,0.716,3.061,3.63,1.69
14,552,55200,car,905.506,1006.976,-8.896,0.718,3.061,3.63,1.69
14,553,55300,car,904.617,1007.047,-8.959,0.719,3.061,3.63,1.69
14,554,55400,car,903.721,1007.118,-9.019,0.721,3.062,3.63,1.69
14,555,55500,car,902.819,1007.19,-9.074,0.723,3.062,3.63,1.69
14,556,55600,car,901.911,1007.262,-9.123,0.724,3.062,3.63,1.69
14,557,55700,car,900.999,1007.334,-9.165,0.725,3.063,3.63,1.69
14,558,55800,car,900.082,1007.406,-9.2,0.726,3.063,3.63,1.69
14,559,55900,car,899.162,1007.479,-9.228,0.726,3.063,3.63,1.69
14,560,56000,car,898.24,1007.551,-9.248,0.725,3.063,3.63,1.69
14,561,56100,car,897.315,1007.623,-9.261,0.725,3.064,3.63,1.69
14,562,56200,car,896.389,1007.695,-9.269,0.723,3.064,3.63,1.69
14,563,56300,car,895.462,1007.767,-9.271,0.721,3.064,3.63,1.69
14,564,56400,car,894.535,1007.839,-9.271,0.719,3.064,3.63,1.69
15,410,41000,car,1011.812,1006.204,-6.234,0.524,3.058,3.99,1.68
15,411,41100,car,1011.189,1006.255,-6.234,0.519,3.059,3.99,1.68
15,412,41200,car,1010.565,1006.305,-6.227,0.512,3.06,3.99,1.68
15,413,41300,car,1009.942,1006.355,-6.213,0.504,3.061,3.99,1.68
15,414,41400,car,1009.321,1006.404,-6.192,0.495,3.062,3.99,1.68
15,415,41500,car,1008.702,1006.452,-6.167,0.485,3.063,3.99,1.68
15,416,41600,car,1008.085,1006.499,-6.138,0.474,3.064,3.99,1.68
15,417,41700,car,1007.471,1006.545,-6.109,0.463,3.066,3.99,1.68
15,418,41800,car,1006.86,1006.589,-6.081,0.451,3.068,3.99,1.68
15,419,41900,car,1006.251,1006.632,-6.053,0.439,3.069,3.99,1.68
15,420,42000,car,1005.646,1006.674,-6.026,0.426,3.071,3.99,1.68
15,421,42100,car,1005.043,1006.714,-6.001,0.413,3.073,3.99,1.68
15,422,42200,car,1004.443,1006.753,-5.976,0.4,3.075,3.99,1.68
15,423,42300,car,1003.845,1006.791,-5.953,0.387,3.077,3.99,1.68
15,424,42400,car,1003.25,1006.827,-5.93,0.374,3.079,3.99,1.68
15,425,42500,car,1002.657,1006.862,-5.909,0.362,3.08,3.99,1.68
15,426,42600,car,1002.066,1006.896,-5.888,0.35,3.082,3.99,1.68
15,427,42700,car,1001.477,1006.929,-5.869,0.339,3.084,3.99,1.68
15,428,42800,car,1000.89,1006.961,-5.851,0.328,3.086,3.99,1.68
15,429,42900,car,1000.304,1006.992,-5.834,0.318,3.087,3.99,1.68
15,430,43000,car,999.721,1007.022,-5.819,0.31,3.088,3.99,1.68
15,431,43100,car,999.139,1007.051,-5.805,0.302,3.09,3.99,1.68
15,432,43200,car,998.558,1007.08,-5.792,0.296,3.091,3.99,1.68
15,433,43300,car,997.979,1007.109,-5.78,0.29,3.091,3.99,1.68
15,434,43400,car,997.401,1007.137,-5.769,0.286,3.092,3.99,1.68
15,435,43500,car,996.824,1007.165,-5.759,0.283,3.092,3.99,1.68
15,436,43600,car,996.248,1007.193,-5.75,0.281,3.093,3.99,1.68
15,437,43700,car,995.673,1007.221,-5.743,0.28,3.093,3.99,1.68
15,438,43800,car,995.099,1007.249,-5.737,0.28,3.093,3.99,1.68
15,439,43900,car,994.525,1007.278,-5.733,0.28,3.093,3.99,1.68
15,440,44000,car,993.952,1007.306,-5.732,0.281,3.093,3.99,1.68
15,441,44100,car,993.379,1007.334,-5.733,0.282,3.092,3.99,1.68
15,442,44200,car,992.805,1007.362,-5.737,0.283,3.092,3.99,1.68
15,443,44300,car,992.232,1007.391,-5.745,0.284,3.092,3.99,1.68
15,444,44400,car,991.657,1007.419,-5.756,0.285,3.092,3.99,1.68
15,445,44500,car,991.082,1007.448,-5.77,0.286,3.092,3.99,1.68
15,446,44600,car,990.505,1007.476,-5.788,0.286,3.092,3.99,1.68
15,447,44700,car,989.926,1007.504,-5.809,0.285,3.093,3.99,1.68
15,448,44800,car,989.345,1007.532,-5.834,0.283,3.093,3.99,1.68
15,449,44900,car,988.761,1007.56,-5.862,0.281,3.094,3.99,1.68
15,450,45000,car,988.175,1007.587,-5.893,0.277,3.095,3.99,1.68
15,451,45100,car,987.586,1007.614,-5.926,0.273,3.096,3.99,1.68
15,452,45200,car,986.993,1007.639,-5.962,0.267,3.097,3.99,1.68
15,453,45300,car,986.397,1007.664,-6,0.26,3.098,3.99,1.68
15,454,45400,car,985.797,1007.688,-6.039,0.251,3.1,3.99,1.68
15,455,45500,car,985.193,1007.711,-6.079,0.241,3.102,3.99,1.68
15,456,45600,car,984.585,1007.732,-6.12,0.23,3.104,3.99,1.68
15,457,45700,car,983.972,1007.752,-6.162,0.216,3.107,3.99,1.68
15,458,45800,car,983.356,1007.771,-6.203,0.201,3.109,3.99,1.68
15,459,45900,car,982.736,1007.788,-6.244,0.185,3.112,3.99,1.68
15,460,46000,car,982.111,1007.802,-6.285,0.166,3.115,3.99,1.68
15,461,46100,car,981.483,1007.815,-6.325,0.146,3.119,3.99,1.68
15,462,46200,car,980.85,1007.825,-6.365,0.124,3.122,3.99,1.68
15,463,46300,car,980.214,1007.833,-6.404,0.1,3.126,3.99,1.68
15,464,46400,car,979.573,1007.837,-6.444,0.074,3.13,3.99,1.68
15,465,46500,car,978.929,1007.839,-6.483,0.046,3.135,3.99,1.68
15,466,46600,car,978.28,1007.838,-6.522,0.015,3.139,3.99,1.68
15,467,46700,car,977.628,1007.834,-6.561,-0.017,-3.139,3.99,1.68
15,468,46800,car,976.972,1007.826,-6.6,-0.051,-3.134,3.99,1.68
15,469,46900,car,976.312,1007.814,-6.64,-0.088,-3.128,3.99,1.68
15,470,47000,car,975.648,1007.798,-6.678,-0.126,-3.123,3.99,1.68
15,471,47100,car,974.981,1007.779,-6.715,-0.165,-3.117,3.99,1.68
15,472,47200,car,974.309,1007.755,-6.751,-0.206,-3.111,3.99,1.68
15,473,47300,car,973.634,1007.727,-6.784,-0.249,-3.105,3.99,1.68
15,474,47400,car,972.956,1007.695,-6.813,-0.291,-3.099,3.99,1.68
15,475,47500,car,972.275,1007.658,-6.838,-0.334,-3.093,3.99,1.68
15,476,47600,car,971.592,1007.617,-6.859,-0.378,-3.087,3.99,1.68
15,477,47700,car,970.907,1007.572,-6.875,-0.42,-3.081,3.99,1.68
15,478,47800,car,970.22,1007.522,-6.886,-0.462,-3.075,3.99,1.68
15,479,47900,car,969.532,1007.469,-6.892,-0.503,-3.069,3.99,1.68
15,480,48000,car,968.843,1007.412,-6.895,-0.542,-3.063,3.99,1.68
15,481,48100,car,968.154,1007.351,-6.895,-0.579,-3.058,3.99,1.68
15,482,48200,car,967.465,1007.287,-6.893,-0.615,-3.053,3.99,1.68
15,483,48300,car,966.776,1007.22,-6.89,-0.648,-3.048,3.99,1.68
15,484,48400,car,966.088,1007.149,-6.887,-0.679,-3.043,3.99,1.68
15,485,48500,car,965.4,1007.076,-6.884,-0.708,-3.039,3.99,1.68
15,486,48600,car,964.712,1007.001,-6.882,-0.733,-3.035,3.99,1.68
15,487,48700,car,964.024,1006.924,-6.88,-0.755,-3.032,3.99,1.68
15,488,48800,car,963.336,1006.845,-6.877,-0.774,-3.03,3.99,1.68
15,489,48900,car,962.649,1006.765,-6.873,-0.789,-3.027,3.99,1.68
15,490,49000,car,961.962,1006.684,-6.867,-0.799,-3.026,3.99,1.68
15,491,49100,car,961.275,1006.603,-6.857,-0.806,-3.025,3.99,1.68
15,492,49200,car,960.59,1006.522,-6.844,-0.807,-3.024,3.99,1.68
15,493,49300,car,959.905,1006.441,-6.826,-0.805,-3.024,3.99,1.68
15,494,49400,car,959.222,1006.361,-6.803,-0.798,-3.025,3.99,1.68
15,495,49500,car,958.542,1006.283,-6.777,-0.787,-3.026,3.99,1.68
15,496,49600,car,957.864,1006.206,-6.747,-0.773,-3.028,3.99,1.68
15,497,49700,car,957.189,1006.131,-6.714,-0.756,-3.029,3.99,1.68
15,498,49800,car,956.517,1006.058,-6.68,-0.738,-3.032,3.99,1.68
15,499,49900,car,955.849,1005.988,-6.644,-0.717,-3.034,3.99,1.68
15,500,50000,car,955.184,1005.919,-6.608,-0.697,-3.037,3.99,1.68
15,501,50100,car,954.523,1005.853,-6.572,-0.675,-3.039,3.99,1.68
15,502,50200,car,953.865,1005.788,-6.537,-0.654,-3.042,3.99,1.68
15,503,50300,car,953.211,1005.726,-6.502,-0.633,-3.045,3.99,1.68
15,504,50400,car,952.561,1005.666,-6.466,-0.613,-3.047,3.99,1.68
15,505,50500,car,951.914,1005.608,-6.431,-0.593,-3.05,3.99,1.68
15,506,50600,car,951.27,1005.552,-6.395,-0.573,-3.052,3.99,1.68
15,507,50700,car,950.631,1005.497,-6.359,-0.555,-3.055,3.99,1.68
15,508,50800,car,949.994,1005.445,-6.323,-0.536,-3.057,3.99,1.68
15,509,50900,car,949.362,1005.394,-6.286,-0.518,-3.059,3.99,1.68
15,510,51000,car,948.733,1005.345,-6.251,-0.5,-3.062,3.99,1.68
15,511,51100,car,948.108,1005.298,-6.218,-0.482,-3.064,3.99,1.68
15,512,51200,car,947.486,1005.253,-6.188,-0.464,-3.067,3.99,1.68
15,513,51300,car,946.867,1005.21,-6.162,-0.446,-3.069,3.99,1.68
15,514,51400,car,946.25,1005.169,-6.14,-0.427,-3.072,3.99,1.68
15,515,51500,car,945.636,1005.13,-6.124,-0.407,-3.075,3.99,1.68
15,516,51600,car,945.023,1005.093,-6.112,-0.386,-3.079,3.99,1.68
15,517,51700,car,944.412,1005.059,-6.106,-0.364,-3.082,3.99,1.68
15,518,51800,car,943.801,1005.027,-6.106,-0.34,-3.086,3.99,1.68
15,519,51900,car,943.19,1004.998,-6.109,-0.315,-3.09,3.99,1.68
15,520,52000,car,942.579,1004.972,-6.117,-0.289,-3.094,3.99,1.68
15,521,52100,car,941.967,1004.949,-6.129,-0.261,-3.099,3.99,1.68
15,522,52200,car,941.354,1004.929,-6.143,-0.231,-3.104,3.99,1.68
15,523,52300,car,940.739,1004.912,-6.161,-0.2,-3.109,3.99,1.68
15,524,52400,car,940.123,1004.899,-6.181,-0.168,-3.114,3.99,1.68
15,525,52500,car,939.505,1004.888,-6.203,-0.136,-3.12,3.99,1.68
15,526,52600,car,938.884,1004.881,-6.226,-0.102,-3.125,3.99,1.68
15,527,52700,car,938.261,1004.878,-6.249,-0.068,-3.131,3.99,1.68
15,528,52800,car,937.637,1004.878,-6.273,-0.034,-3.136,3.99,1.68
15,529,52900,car,937.009,1004.881,-6.295,-0,-3.142,3.99,1.68
15,530,53000,car,936.38,1004.888,-6.317,0.033,3.136,3.99,1.68
15,531,53100,car,935.748,1004.897,-6.337,0.065,3.131,3.99,1.68
15,532,53200,car,935.115,1004.91,-6.354,0.097,3.126,3.99,1.68
15,533,53300,car,934.479,1004.925,-6.369,0.127,3.122,3.99,1.68
15,534,53400,car,933.843,1004.943,-6.381,0.156,3.117,3.99,1.68
15,535,53500,car,933.205,1004.964,-6.391,0.183,3.113,3.99,1.68
15,536,53600,car,932.566,1004.987,-6.398,0.209,3.109,3.99,1.68
15,537,53700,car,931.926,1005.013,-6.404,0.234,3.105,3.99,1.68
15,538,53800,car,931.286,1005.041,-6.408,0.258,3.101,3.99,1.68
15,539,53900,car,930.645,1005.071,-6.411,0.281,3.098,3.99,1.68
15,540,54000,car,930.004,1005.103,-6.412,0.303,3.094,3.99,1.68
15,541,54100,car,929.363,1005.138,-6.414,0.325,3.091,3.99,1.68
15,542,54200,car,928.722,1005.175,-6.415,0.347,3.088,3.99,1.68
15,543,54300,car,928.081,1005.213,-6.416,0.369,3.084,3.99,1.68
15,544,54400,car,927.44,1005.254,-6.417,0.39,3.081,3.99,1.68
15,545,54500,car,926.798,1005.298,-6.42,0.412,3.078,3.99,1.68
15,546,54600,car,926.156,1005.343,-6.425,0.433,3.074,3.99,1.68
15,547,54700,car,925.514,1005.39,-6.433,0.454,3.071,3.99,1.68
15,548,54800,car,924.871,1005.439,-6.445,0.474,3.068,3.99,1.68
15,549,54900,car,924.227,1005.49,-6.463,0.493,3.065,3.99,1.68
15,550,55000,car,923.581,1005.542,-6.486,0.511,3.063,3.99,1.68
15,551,55100,car,922.932,1005.596,-6.516,0.528,3.061,3.99,1.68
15,552,55200,car,922.281,1005.651,-6.554,0.543,3.059,3.99,1.68
15,553,55300,car,921.626,1005.707,-6.598,0.556,3.057,3.99,1.68
15,554,55400,car,920.966,1005.764,-6.649,0.568,3.056,3.99,1.68
15,555,55500,car,920.301,1005.822,-6.706,0.577,3.056,3.99,1.68
15,556,55600,car,919.631,1005.88,-6.767,0.584,3.055,3.99,1.68
15,557,55700,car,918.954,1005.938,-6.832,0.59,3.056,3.99,1.68
15,558,55800,car,918.27,1005.997,-6.899,0.593,3.056,3.99,1.68
15,559,55900,car,917.58,1006.056,-6.966,0.595,3.056,3.99,1.68
15,560,56000,car,916.884,1006.115,-7.033,0.596,3.057,3.99,1.68
15,561,56100,car,916.18,1006.173,-7.098,0.596,3.058,3.99,1.68
15,562,56200,car,915.47,1006.232,-7.16,0.594,3.059,3.99,1.68
15,563,56300,car,914.754,1006.29,-7.218,0.593,3.06,3.99,1.68
15,564,56400,car,914.033,1006.349,-7.272,0.591,3.061,3.99,1.68
15,565,56500,car,913.305,1006.407,-7.323,0.589,3.061,3.99,1.68
15,566,56600,car,912.573,1006.465,-7.371,0.587,3.062,3.99,1.68
15,567,56700,car,911.836,1006.522,-7.416,0.585,3.063,3.99,1.68
15,568,56800,car,911.094,1006.58,-7.46,0.583,3.064,3.99,1.68
15,569,56900,car,910.348,1006.637,-7.504,0.581,3.064,3.99,1.68
15,570,57000,car,909.597,1006.695,-7.547,0.58,3.065,3.99,1.68
15,571,57100,car,908.843,1006.752,-7.592,0.578,3.066,3.99,1.68
15,572,57200,car,908.083,1006.809,-7.639,0.577,3.066,3.99,1.68
15,573,57300,car,907.319,1006.866,-7.688,0.576,3.067,3.99,1.68
15,574,57400,car,906.551,1006.923,-7.738,0.576,3.067,3.99,1.68
15,575,57500,car,905.777,1006.98,-7.79,0.577,3.068,3.99,1.68
15,576,57600,car,904.998,1007.037,-7.842,0.578,3.068,3.99,1.68
15,577,57700,car,904.213,1007.095,-7.892,0.581,3.068,3.99,1.68
15,578,57800,car,903.424,1007.153,-7.941,0.585,3.068,3.99,1.68
15,579,57900,car,902.63,1007.212,-7.986,0.59,3.068,3.99,1.68
15,580,58000,car,901.832,1007.271,-8.026,0.595,3.068,3.99,1.68
15,581,58100,car,901.029,1007.331,-8.06,0.601,3.067,3.99,1.68
15,582,58200,car,900.223,1007.392,-8.088,0.608,3.067,3.99,1.68
15,583,58300,car,899.414,1007.454,-8.109,0.615,3.066,3.99,1.68
15,584,58400,car,898.604,1007.516,-8.123,0.622,3.065,3.99,1.68
15,585,58500,car,897.791,1007.579,-8.133,0.628,3.064,3.99,1.68
15,586,58600,car,896.978,1007.643,-8.137,0.635,3.064,3.99,1.68
15,587,58700,car,896.164,1007.707,-8.138,0.641,3.063,3.99,1.68
15,588,58800,car,895.351,1007.772,-8.138,0.647,3.062,3.99,1.68
16,419,41900,car,1011.694,1003.057,-4.906,0.473,3.045,4.45,1.75
16,420,42000,car,1011.204,1003.104,-4.913,0.473,3.046,4.45,1.75
16,421,42100,car,1010.712,1003.151,-4.921,0.472,3.046,4.45,1.75
16,422,42200,car,1010.22,1003.198,-4.931,0.471,3.046,4.45,1.75
16,423,42300,car,1009.727,1003.245,-4.941,0.47,3.047,4.45,1.75
16,424,42400,car,1009.233,1003.291,-4.951,0.469,3.047,4.45,1.75
16,425,42500,car,1008.738,1003.337,-4.96,0.468,3.048,4.45,1.75
16,426,42600,car,1008.242,1003.384,-4.967,0.466,3.048,4.45,1.75
16,427,42700,car,1007.745,1003.43,-4.974,0.465,3.048,4.45,1.75
16,428,42800,car,1007.248,1003.476,-4.979,0.463,3.049,4.45,1.75
16,429,42900,car,1006.75,1003.521,-4.982,0.461,3.049,4.45,1.75
16,430,43000,car,1006.251,1003.567,-4.983,0.459,3.05,4.45,1.75
16,431,43100,car,1005.753,1003.612,-4.983,0.457,3.05,4.45,1.75
16,432,43200,car,1005.255,1003.658,-4.982,0.456,3.05,4.45,1.75
16,433,43300,car,1004.757,1003.703,-4.981,0.455,3.051,4.45,1.75
16,434,43400,car,1004.258,1003.748,-4.98,0.454,3.051,4.45,1.75
16,435,43500,car,1003.76,1003.794,-4.98,0.454,3.051,4.45,1.75
16,436,43600,car,1003.262,1003.839,-4.981,0.454,3.051,4.45,1.75
16,437,43700,car,1002.764,1003.885,-4.984,0.455,3.05,4.45,1.75
16,438,43800,car,1002.266,1003.931,-4.99,0.457,3.05,4.45,1.75
16,439,43900,car,1001.767,1003.977,-4.999,0.46,3.05,4.45,1.75
16,440,44000,car,1001.267,1004.023,-5.011,0.463,3.049,4.45,1.75
16,441,44100,car,1000.766,1004.07,-5.025,0.467,3.049,4.45,1.75
16,442,44200,car,1000.264,1004.118,-5.041,0.471,3.048,4.45,1.75
16,443,44300,car,999.76,1004.165,-5.06,0.475,3.048,4.45,1.75
16,444,44400,car,999.254,1004.213,-5.08,0.48,3.047,4.45,1.75
16,445,44500,car,998.746,1004.262,-5.101,0.484,3.047,4.45,1.75
16,446,44600,car,998.236,1004.311,-5.125,0.488,3.047,4.45,1.75
16,447,44700,car,997.723,1004.36,-5.149,0.492,3.046,4.45,1.75
16,448,44800,car,997.208,1004.41,-5.176,0.496,3.046,4.45,1.75
16,449,44900,car,996.691,1004.459,-5.205,0.499,3.046,4.45,1.75
16,450,45000,car,996.17,1004.509,-5.237,0.502,3.046,4.45,1.75
16,451,45100,car,995.646,1004.559,-5.273,0.505,3.046,4.45,1.75
16,452,45200,car,995.119,1004.609,-5.311,0.507,3.046,4.45,1.75
16,453,45300,car,994.588,1004.66,-5.353,0.509,3.047,4.45,1.75
16,454,45400,car,994.053,1004.71,-5.399,0.511,3.047,4.45,1.75
16,455,45500,car,993.513,1004.761,-5.449,0.513,3.048,4.45,1.75
16,456,45600,car,992.968,1004.811,-5.503,0.515,3.048,4.45,1.75
16,457,45700,car,992.417,1004.862,-5.56,0.517,3.049,4.45,1.75
16,458,45800,car,991.861,1004.913,-5.621,0.519,3.049,4.45,1.75
16,459,45900,car,991.299,1004.964,-5.683,0.522,3.05,4.45,1.75
16,460,46000,car,990.731,1005.015,-5.747,0.524,3.051,4.45,1.75
16,461,46100,car,990.156,1005.067,-5.812,0.526,3.051,4.45,1.75
16,462,46200,car,989.575,1005.119,-5.876,0.528,3.052,4.45,1.75
16,463,46300,car,988.987,1005.17,-5.939,0.529,3.053,4.45,1.75
16,464,46400,car,988.393,1005.222,-6,0.53,3.054,4.45,1.75
16,465,46500,car,987.793,1005.274,-6.058,0.53,3.054,4.45,1.75
16,466,46600,car,987.187,1005.326,-6.113,0.528,3.055,4.45,1.75
16,467,46700,car,986.575,1005.377,-6.162,0.526,3.057,4.45,1.75
16,468,46800,car,985.959,1005.428,-6.208,0.521,3.058,4.45,1.75
16,469,46900,car,985.338,1005.478,-6.248,0.515,3.059,4.45,1.75
16,470,47000,car,984.713,1005.527,-6.282,0.506,3.061,4.45,1.75
16,471,47100,car,984.085,1005.575,-6.311,0.495,3.063,4.45,1.75
16,472,47200,car,983.453,1005.621,-6.334,0.481,3.066,4.45,1.75
16,473,47300,car,982.82,1005.666,-6.352,0.464,3.069,4.45,1.75
16,474,47400,car,982.184,1005.708,-6.365,0.445,3.072,4.45,1.75
16,475,47500,car,981.547,1005.748,-6.374,0.423,3.075,4.45,1.75
16,476,47600,car,980.909,1005.785,-6.38,0.398,3.079,4.45,1.75
16,477,47700,car,980.271,1005.82,-6.384,0.371,3.083,4.45,1.75
16,478,47800,car,979.632,1005.851,-6.387,0.343,3.088,4.45,1.75
16,479,47900,car,978.993,1005.879,-6.39,0.312,3.093,4.45,1.75
16,480,48000,car,978.354,1005.903,-6.393,0.28,3.098,4.45,1.75
16,481,48100,car,977.714,1005.925,-6.397,0.246,3.103,4.45,1.75
16,482,48200,car,977.074,1005.942,-6.402,0.212,3.109,4.45,1.75
16,483,48300,car,976.434,1005.956,-6.408,0.177,3.114,4.45,1.75
16,484,48400,car,975.793,1005.967,-6.415,0.142,3.12,4.45,1.75
16,485,48500,car,975.151,1005.974,-6.423,0.106,3.125,4.45,1.75
16,486,48600,car,974.509,1005.977,-6.433,0.07,3.131,4.45,1.75
16,487,48700,car,973.866,1005.977,-6.443,0.035,3.136,4.45,1.75
16,488,48800,car,973.221,1005.973,-6.453,-0,-3.142,4.45,1.75
16,489,48900,car,972.576,1005.966,-6.464,-0.035,-3.136,4.45,1.75
16,490,49000,car,971.93,1005.956,-6.476,-0.07,-3.131,4.45,1.75
16,491,49100,car,971.282,1005.942,-6.487,-0.103,-3.126,4.45,1.75
16,492,49200,car,970.634,1005.925,-6.499,-0.137,-3.121,4.45,1.75
16,493,49300,car,969.984,1005.905,-6.51,-0.169,-3.116,4.45,1.75
16,494,49400,car,969.333,1005.882,-6.521,-0.2,-3.111,4.45,1.75
16,495,49500,car,968.681,1005.856,-6.531,-0.23,-3.106,4.45,1.75
16,496,49600,car,968.029,1005.827,-6.54,-0.259,-3.102,4.45,1.75
16,497,49700,car,967.375,1005.796,-6.548,-0.286,-3.098,4.45,1.75
16,498,49800,car,966.72,1005.763,-6.554,-0.31,-3.094,4.45,1.75
16,499,49900,car,966.065,1005.727,-6.559,-0.332,-3.091,4.45,1.75
16,500,50000,car,965.409,1005.69,-6.562,-0.352,-3.088,4.45,1.75
16,501,50100,car,964.753,1005.652,-6.563,-0.368,-3.086,4.45,1.75
16,502,50200,car,964.097,1005.613,-6.561,-0.381,-3.084,4.45,1.75
16,503,50300,car,963.441,1005.573,-6.556,-0.39,-3.082,4.45,1.75
16,504,50400,car,962.786,1005.532,-6.548,-0.395,-3.081,4.45,1.75
16,505,50500,car,962.131,1005.492,-6.538,-0.398,-3.081,4.45,1.75
16,506,50600,car,961.477,1005.453,-6.524,-0.397,-3.081,4.45,1.75
16,507,50700,car,960.824,1005.413,-6.508,-0.393,-3.081,4.45,1.75
16,508,50800,car,960.173,1005.375,-6.488,-0.387,-3.082,4.45,1.75
16,509,50900,car,959.524,1005.338,-6.466,-0.378,-3.083,4.45,1.75
16,510,51000,car,958.878,1005.302,-6.441,-0.369,-3.084,4.45,1.75
16,511,51100,car,958.233,1005.267,-6.413,-0.358,-3.086,4.45,1.75
16,512,51200,car,957.592,1005.233,-6.384,-0.346,-3.087,4.45,1.75
16,513,51300,car,956.953,1005.2,-6.352,-0.335,-3.089,4.45,1.75
16,514,51400,car,956.318,1005.169,-6.318,-0.324,-3.09,4.45,1.75
16,515,51500,car,955.686,1005.138,-6.283,-0.314,-3.092,4.45,1.75
16,516,51600,car,955.058,1005.109,-6.247,-0.304,-3.093,4.45,1.75
16,517,51700,car,954.433,1005.08,-6.21,-0.295,-3.094,4.45,1.75
16,518,51800,car,953.812,1005.052,-6.173,-0.287,-3.095,4.45,1.75
16,519,51900,car,953.195,1005.024,-6.136,-0.28,-3.096,4.45,1.75
16,520,52000,car,952.581,1004.997,-6.1,-0.273,-3.097,4.45,1.75
16,521,52100,car,951.971,1004.971,-6.066,-0.267,-3.098,4.45,1.75
16,522,52200,car,951.364,1004.945,-6.035,-0.26,-3.098,4.45,1.75
16,523,52300,car,950.761,1004.92,-6.007,-0.254,-3.099,4.45,1.75
16,524,52400,car,950.16,1004.896,-5.984,-0.247,-3.1,4.45,1.75
16,525,52500,car,949.562,1004.873,-5.964,-0.239,-3.102,4.45,1.75
16,526,52600,car,948.965,1004.851,-5.948,-0.23,-3.103,4.45,1.75
16,527,52700,car,948.37,1004.83,-5.935,-0.219,-3.105,4.45,1.75
16,528,52800,car,947.777,1004.811,-5.927,-0.207,-3.107,4.45,1.75
16,529,52900,car,947.184,1004.793,-5.922,-0.193,-3.109,4.45,1.75
16,530,53000,car,946.591,1004.777,-5.921,-0.177,-3.112,4.45,1.75
16,531,53100,car,945.999,1004.763,-5.923,-0.16,-3.115,4.45,1.75
16,532,53200,car,945.407,1004.752,-5.928,-0.141,-3.118,4.45,1.75
16,533,53300,car,944.814,1004.742,-5.936,-0.12,-3.121,4.45,1.75
16,534,53400,car,944.22,1004.735,-5.947,-0.098,-3.125,4.45,1.75
16,535,53500,car,943.625,1004.73,-5.96,-0.075,-3.129,4.45,1.75
16,536,53600,car,943.029,1004.728,-5.976,-0.052,-3.133,4.45,1.75
16,537,53700,car,942.432,1004.728,-5.993,-0.028,-3.137,4.45,1.75
16,538,53800,car,941.832,1004.73,-6.01,-0.003,-3.141,4.45,1.75
16,539,53900,car,941.231,1004.735,-6.028,0.021,3.138,4.45,1.75
16,540,54000,car,940.629,1004.742,-6.046,0.044,3.134,4.45,1.75
16,541,54100,car,940.024,1004.752,-6.062,0.067,3.131,4.45,1.75
16,542,54200,car,939.418,1004.763,-6.078,0.089,3.127,4.45,1.75
16,543,54300,car,938.81,1004.776,-6.091,0.11,3.124,4.45,1.75
16,544,54400,car,938.201,1004.792,-6.102,0.13,3.12,4.45,1.75
16,545,54500,car,937.591,1004.809,-6.111,0.149,3.117,4.45,1.75
16,546,54600,car,936.98,1004.827,-6.118,0.167,3.114,4.45,1.75
16,547,54700,car,936.368,1004.847,-6.121,0.183,3.112,4.45,1.75
16,548,54800,car,935.756,1004.869,-6.122,0.198,3.109,4.45,1.75
16,549,54900,car,935.144,1004.892,-6.119,0.212,3.107,4.45,1.75
16,550,55000,car,934.532,1004.916,-6.114,0.225,3.105,4.45,1.75
16,551,55100,car,933.921,1004.941,-6.107,0.237,3.103,4.45,1.75
16,552,55200,car,933.31,1004.967,-6.098,0.248,3.101,4.45,1.75
16,553,55300,car,932.701,1004.994,-6.089,0.259,3.099,4.45,1.75
16,554,55400,car,932.092,1005.023,-6.079,0.27,3.097,4.45,1.75
16,555,55500,car,931.484,1005.052,-6.069,0.281,3.095,4.45,1.75
16,556,55600,car,930.877,1005.082,-6.061,0.291,3.094,4.45,1.75
16,557,55700,car,930.271,1005.114,-6.054,0.303,3.092,4.45,1.75
16,558,55800,car,929.666,1005.147,-6.049,0.315,3.09,4.45,1.75
16,559,55900,car,929.061,1005.181,-6.046,0.327,3.087,4.45,1.75
16,560,56000,car,928.457,1005.217,-6.045,0.341,3.085,4.45,1.75
16,561,56100,car,927.853,1005.254,-6.047,0.355,3.083,4.45,1.75
16,562,56200,car,927.248,1005.293,-6.051,0.37,3.08,4.45,1.75
16,563,56300,car,926.643,1005.333,-6.058,0.386,3.078,4.45,1.75
16,564,56400,car,926.037,1005.375,-6.068,0.402,3.075,4.45,1.75
16,565,56500,car,925.431,1005.418,-6.081,0.419,3.073,4.45,1.75
16,566,56600,car,924.823,1005.464,-6.097,0.435,3.07,4.45,1.75
16,567,56700,car,924.213,1005.51,-6.117,0.452,3.068,4.45,1.75
16,568,56800,car,923.602,1005.558,-6.141,0.468,3.066,4.45,1.75
16,569,56900,car,922.988,1005.608,-6.169,0.483,3.063,4.45,1.75
16,570,57000,car,922.371,1005.659,-6.201,0.497,3.062,4.45,1.75
16,571,57100,car,921.752,1005.711,-6.237,0.51,3.06,4.45,1.75
16,572,57200,car,921.128,1005.763,-6.278,0.523,3.059,4.45,1.75
16,573,57300,car,920.5,1005.817,-6.322,0.533,3.057,4.45,1.75
16,574,57400,car,919.868,1005.872,-6.37,0.543,3.057,4.45,1.75
16,575,57500,car,919.231,1005.927,-6.42,0.551,3.056,4.45,1.75
16,576,57600,car,918.589,1005.982,-6.471,0.558,3.056,4.45,1.75
16,577,57700,car,917.942,1006.039,-6.523,0.564,3.055,4.45,1.75
16,578,57800,car,917.29,1006.095,-6.574,0.569,3.055,4.45,1.75
16,579,57900,car,916.632,1006.152,-6.623,0.573,3.055,4.45,1.75
16,580,58000,car,915.97,1006.21,-6.669,0.577,3.055,4.45,1.75
16,581,58100,car,915.303,1006.267,-6.712,0.581,3.055,4.45,1.75
16,582,58200,car,914.632,1006.325,-6.75,0.584,3.055,4.45,1.75
16,583,58300,car,913.957,1006.384,-6.784,0.588,3.055,4.45,1.75
16,584,58400,car,913.279,1006.443,-6.814,0.591,3.055,4.45,1.75
16,585,58500,car,912.597,1006.502,-6.841,0.595,3.055,4.45,1.75
16,586,58600,car,911.913,1006.562,-6.864,0.6,3.054,4.45,1.75
16,587,58700,car,911.227,1006.623,-6.886,0.604,3.054,4.45,1.75
16,588,58800,car,910.538,1006.684,-6.907,0.609,3.054,4.45,1.75
16,589,58900,car,909.848,1006.745,-6.929,0.614,3.053,4.45,1.75
16,590,59000,car,909.155,1006.807,-6.952,0.618,3.053,4.45,1.75
16,591,59100,car,908.46,1006.869,-6.979,0.623,3.053,4.45,1.75
16,592,59200,car,907.762,1006.932,-7.011,0.628,3.052,4.45,1.75
16,593,59300,car,907.061,1006.995,-7.047,0.632,3.052,4.45,1.75
16,594,59400,car,906.356,1007.058,-7.088,0.636,3.052,4.45,1.75
16,595,59500,car,905.647,1007.122,-7.135,0.64,3.052,4.45,1.75
16,596,59600,car,904.934,1007.186,-7.187,0.644,3.052,4.45,1.75
16,597,59700,car,904.215,1007.25,-7.243,0.647,3.053,4.45,1.75
16,598,59800,car,903.491,1007.314,-7.301,0.65,3.053,4.45,1.75
16,599,59900,car,902.76,1007.379,-7.359,0.653,3.053,4.45,1.75
16,600,60000,car,902.024,1007.443,-7.416,0.655,3.054,4.45,1.75
16,601,60100,car,901.283,1007.508,-7.47,0.656,3.054,4.45,1.75
16,602,60200,car,900.536,1007.573,-7.518,0.657,3.054,4.45,1.75
16,603,60300,car,899.784,1007.638,-7.56,0.658,3.055,4.45,1.75
16,604,60400,car,899.028,1007.704,-7.593,0.657,3.055,4.45,1.75
16,605,60500,car,898.268,1007.769,-7.618,0.656,3.056,4.45,1.75
16,606,60600,car,897.507,1007.834,-7.635,0.655,3.056,4.45,1.75
16,607,60700,car,896.743,1007.899,-7.644,0.652,3.056,4.45,1.75
16,608,60800,car,895.979,1007.964,-7.648,0.65,3.057,4.45,1.75
16,609,60900,car,895.214,1008.028,-7.648,0.647,3.057,4.45,1.75
17,429,42900,car,1012.04,1005.954,-5.748,0.505,3.054,3.87,1.65
17,430,43000,car,1011.465,1006.004,-5.747,0.5,3.055,3.87,1.65
17,431,43100,car,1010.89,1006.053,-5.737,0.495,3.056,3.87,1.65
17,432,43200,car,1010.316,1006.101,-5.718,0.488,3.056,3.87,1.65
17,433,43300,car,1009.744,1006.149,-5.691,0.481,3.057,3.87,1.65
17,434,43400,car,1009.175,1006.196,-5.656,0.472,3.058,3.87,1.65
17,435,43500,car,1008.61,1006.242,-5.617,0.464,3.059,3.87,1.65
17,436,43600,car,1008.048,1006.287,-5.575,0.454,3.06,3.87,1.65
17,437,43700,car,1007.49,1006.331,-5.534,0.446,3.061,3.87,1.65
17,438,43800,car,1006.937,1006.374,-5.493,0.437,3.062,3.87,1.65
17,439,43900,car,1006.387,1006.417,-5.453,0.429,3.063,3.87,1.65
17,440,44000,car,1005.842,1006.459,-5.416,0.422,3.064,3.87,1.65
17,441,44100,car,1005.3,1006.5,-5.382,0.415,3.065,3.87,1.65
17,442,44200,car,1004.762,1006.541,-5.35,0.409,3.065,3.87,1.65
17,443,44300,car,1004.227,1006.581,-5.321,0.404,3.066,3.87,1.65
17,444,44400,car,1003.695,1006.621,-5.293,0.399,3.066,3.87,1.65
17,445,44500,car,1003.165,1006.66,-5.268,0.395,3.067,3.87,1.65
17,446,44600,car,1002.639,1006.699,-5.243,0.391,3.067,3.87,1.65
17,447,44700,car,1002.114,1006.738,-5.22,0.387,3.068,3.87,1.65
17,448,44800,car,1001.592,1006.776,-5.199,0.384,3.068,3.87,1.65
17,449,44900,car,1001.072,1006.814,-5.178,0.38,3.068,3.87,1.65
17,450,45000,car,1000.554,1006.852,-5.159,0.376,3.069,3.87,1.65
17,451,45100,car,1000.038,1006.889,-5.14,0.373,3.069,3.87,1.65
17,452,45200,car,999.524,1006.925,-5.123,0.369,3.07,3.87,1.65
17,453,45300,car,999.012,1006.962,-5.107,0.365,3.07,3.87,1.65
17,454,45400,car,998.501,1006.997,-5.092,0.36,3.071,3.87,1.65
17,455,45500,car,997.992,1007.032,-5.079,0.356,3.072,3.87,1.65
17,456,45600,car,997.484,1007.067,-5.067,0.352,3.072,3.87,1.65
17,457,45700,car,996.977,1007.101,-5.058,0.347,3.073,3.87,1.65
17,458,45800,car,996.471,1007.135,-5.052,0.343,3.074,3.87,1.65
17,459,45900,car,995.966,1007.168,-5.049,0.338,3.075,3.87,1.65
17,460,46000,car,995.461,1007.201,-5.049,0.334,3.075,3.87,1.65
17,461,46100,car,994.956,1007.234,-5.052,0.33,3.076,3.87,1.65
17,462,46200,car,994.451,1007.265,-5.06,0.326,3.077,3.87,1.65
17,463,46300,car,993.945,1007.297,-5.071,0.322,3.078,3.87,1.65
17,464,46400,car,993.438,1007.328,-5.085,0.317,3.079,3.87,1.65
17,465,46500,car,992.929,1007.358,-5.102,0.312,3.08,3.87,1.65
17,466,46600,car,992.419,1007.388,-5.122,0.307,3.082,3.87,1.65
17,467,46700,car,991.906,1007.417,-5.145,0.301,3.083,3.87,1.65
17,468,46800,car,991.392,1007.445,-5.169,0.295,3.085,3.87,1.65
17,469,46900,car,990.875,1007.472,-5.194,0.288,3.086,3.87,1.65
17,470,47000,car,990.355,1007.499,-5.221,0.279,3.088,3.87,1.65
17,471,47100,car,989.833,1007.524,-5.247,0.27,3.09,3.87,1.65
17,472,47200,car,989.308,1007.549,-5.274,0.261,3.092,3.87,1.65
17,473,47300,car,988.781,1007.572,-5.3,0.25,3.094,3.87,1.65
17,474,47400,car,988.251,1007.594,-5.324,0.238,3.097,3.87,1.65
17,475,47500,car,987.718,1007.615,-5.345,0.226,3.099,3.87,1.65
17,476,47600,car,987.183,1007.635,-5.364,0.213,3.102,3.87,1.65
17,477,47700,car,986.647,1007.653,-5.378,0.2,3.105,3.87,1.65
17,478,47800,car,986.109,1007.669,-5.389,0.186,3.107,3.87,1.65
17,479,47900,car,985.57,1007.685,-5.394,0.171,3.11,3.87,1.65
17,480,48000,car,985.031,1007.699,-5.395,0.157,3.113,3.87,1.65
17,481,48100,car,984.491,1007.711,-5.392,0.142,3.115,3.87,1.65
17,482,48200,car,983.952,1007.722,-5.386,0.127,3.118,3.87,1.65
17,483,48300,car,983.413,1007.731,-5.377,0.112,3.121,3.87,1.65
17,484,48400,car,982.875,1007.739,-5.367,0.097,3.124,3.87,1.65
17,485,48500,car,982.339,1007.745,-5.356,0.081,3.126,3.87,1.65
17,486,48600,car,981.803,1007.749,-5.346,0.066,3.129,3.87,1.65
17,487,48700,car,981.268,1007.752,-5.338,0.049,3.132,3.87,1.65
17,488,48800,car,980.734,1007.753,-5.333,0.033,3.135,3.87,1.65
17,489,48900,car,980.201,1007.753,-5.331,0.015,3.139,3.87,1.65
17,490,49000,car,979.668,1007.75,-5.333,-0.003,-3.141,3.87,1.65
17,491,49100,car,979.135,1007.745,-5.339,-0.023,-3.137,3.87,1.65
17,492,49200,car,978.601,1007.738,-5.35,-0.043,-3.134,3.87,1.65
17,493,49300,car,978.066,1007.729,-5.367,-0.064,-3.13,3.87,1.65
17,494,49400,car,977.529,1007.717,-5.388,-0.087,-3.125,3.87,1.65
17,495,49500,car,976.991,1007.704,-5.416,-0.11,-3.121,3.87,1.65
17,496,49600,car,976.449,1007.687,-5.448,-0.135,-3.117,3.87,1.65
17,497,49700,car,975.904,1007.668,-5.486,-0.16,-3.112,3.87,1.65
17,498,49800,car,975.356,1007.647,-5.527,-0.186,-3.108,3.87,1.65
17,499,49900,car,974.803,1007.623,-5.571,-0.213,-3.103,3.87,1.65
17,500,50000,car,974.247,1007.596,-5.617,-0.24,-3.099,3.87,1.65
17,501,50100,car,973.685,1007.567,-5.662,-0.267,-3.095,3.87,1.65
17,502,50200,car,973.119,1007.535,-5.705,-0.293,-3.09,3.87,1.65
17,503,50300,car,972.549,1007.5,-5.745,-0.318,-3.086,3.87,1.65
17,504,50400,car,971.975,1007.464,-5.781,-0.343,-3.082,3.87,1.65
17,505,50500,car,971.397,1007.425,-5.811,-0.366,-3.079,3.87,1.65
17,506,50600,car,970.816,1007.384,-5.836,-0.387,-3.075,3.87,1.65
17,507,50700,car,970.233,1007.342,-5.855,-0.407,-3.072,3.87,1.65
17,508,50800,car,969.648,1007.298,-5.869,-0.424,-3.069,3.87,1.65
17,509,50900,car,969.061,1007.252,-5.881,-0.44,-3.067,3.87,1.65
17,510,51000,car,968.473,1007.205,-5.891,-0.455,-3.065,3.87,1.65
17,511,51100,car,967.884,1007.157,-5.9,-0.468,-3.062,3.87,1.65
17,512,51200,car,967.294,1007.108,-5.91,-0.48,-3.061,3.87,1.65
17,513,51300,car,966.703,1007.058,-5.923,-0.492,-3.059,3.87,1.65
17,514,51400,car,966.111,1007.006,-5.939,-0.503,-3.057,3.87,1.65
17,515,51500,car,965.517,1006.954,-5.958,-0.515,-3.055,3.87,1.65
17,516,51600,car,964.922,1006.901,-5.981,-0.526,-3.054,3.87,1.65
17,517,51700,car,964.324,1006.846,-6.008,-0.538,-3.052,3.87,1.65
17,518,51800,car,963.723,1006.791,-6.037,-0.549,-3.051,3.87,1.65
17,519,51900,car,963.12,1006.734,-6.067,-0.56,-3.049,3.87,1.65
17,520,52000,car,962.513,1006.676,-6.098,-0.571,-3.048,3.87,1.65
17,521,52100,car,961.903,1006.618,-6.129,-0.581,-3.047,3.87,1.65
17,522,52200,car,961.291,1006.558,-6.157,-0.59,-3.046,3.87,1.65
17,523,52300,car,960.675,1006.499,-6.182,-0.598,-3.045,3.87,1.65
17,524,52400,car,960.057,1006.438,-6.204,-0.603,-3.045,3.87,1.65
17,525,52500,car,959.437,1006.378,-6.221,-0.606,-3.045,3.87,1.65
17,526,52600,car,958.815,1006.317,-6.233,-0.606,-3.045,3.87,1.65
17,527,52700,car,958.191,1006.257,-6.24,-0.604,-3.045,3.87,1.65
17,528,52800,car,957.567,1006.198,-6.243,-0.599,-3.046,3.87,1.65
17,529,52900,car,956.943,1006.139,-6.241,-0.591,-3.047,3.87,1.65
17,530,53000,car,956.318,1006.082,-6.237,-0.581,-3.049,3.87,1.65
17,531,53100,car,955.694,1006.026,-6.23,-0.569,-3.05,3.87,1.65
17,532,53200,car,955.071,1005.972,-6.221,-0.556,-3.052,3.87,1.65
17,533,53300,car,954.449,1005.919,-6.211,-0.541,-3.055,3.87,1.65
17,534,53400,car,953.827,1005.867,-6.201,-0.526,-3.057,3.87,1.65
17,535,53500,car,953.207,1005.818,-6.191,-0.511,-3.059,3.87,1.65
17,536,53600,car,952.588,1005.77,-6.181,-0.495,-3.062,3.87,1.65
17,537,53700,car,951.969,1005.723,-6.173,-0.48,-3.064,3.87,1.65
17,538,53800,car,951.352,1005.678,-6.165,-0.465,-3.066,3.87,1.65
17,539,53900,car,950.735,1005.634,-6.16,-0.451,-3.068,3.87,1.65
17,540,54000,car,950.119,1005.591,-6.155,-0.438,-3.071,3.87,1.65
17,541,54100,car,949.503,1005.55,-6.152,-0.425,-3.073,3.87,1.65
17,542,54200,car,948.888,1005.51,-6.151,-0.413,-3.074,3.87,1.65
17,543,54300,car,948.273,1005.471,-6.151,-0.402,-3.076,3.87,1.65
17,544,54400,car,947.658,1005.433,-6.153,-0.391,-3.078,3.87,1.65
17,545,54500,car,947.042,1005.396,-6.157,-0.379,-3.08,3.87,1.65
17,546,54600,car,946.426,1005.36,-6.163,-0.368,-3.082,3.87,1.65
17,547,54700,car,945.81,1005.326,-6.172,-0.356,-3.084,3.87,1.65
17,548,54800,car,945.193,1005.293,-6.182,-0.344,-3.086,3.87,1.65
17,549,54900,car,944.574,1005.261,-6.193,-0.33,-3.088,3.87,1.65
17,550,55000,car,943.955,1005.232,-6.206,-0.315,-3.091,3.87,1.65
17,551,55100,car,943.334,1005.203,-6.218,-0.298,-3.094,3.87,1.65
17,552,55200,car,942.712,1005.177,-6.229,-0.279,-3.097,3.87,1.65
17,553,55300,car,942.089,1005.154,-6.238,-0.258,-3.1,3.87,1.65
17,554,55400,car,941.465,1005.133,-6.245,-0.234,-3.104,3.87,1.65
17,555,55500,car,940.84,1005.114,-6.248,-0.208,-3.108,3.87,1.65
17,556,55600,car,940.215,1005.099,-6.248,-0.18,-3.113,3.87,1.65
17,557,55700,car,939.59,1005.087,-6.245,-0.149,-3.118,3.87,1.65
17,558,55800,car,938.966,1005.079,-6.237,-0.117,-3.123,3.87,1.65
17,559,55900,car,938.342,1005.074,-6.227,-0.083,-3.128,3.87,1.65
17,560,56000,car,937.719,1005.072,-6.215,-0.048,-3.134,3.87,1.65
17,561,56100,car,937.097,1005.075,-6.201,-0.012,-3.14,3.87,1.65
17,562,56200,car,936.477,1005.081,-6.187,0.024,3.138,3.87,1.65
17,563,56300,car,935.859,1005.09,-6.172,0.059,3.132,3.87,1.65
17,564,56400,car,935.242,1005.103,-6.157,0.093,3.126,3.87,1.65
17,565,56500,car,934.626,1005.119,-6.143,0.126,3.121,3.87,1.65
17,566,56600,car,934.012,1005.137,-6.131,0.157,3.116,3.87,1.65
17,567,56700,car,933.399,1005.159,-6.12,0.185,3.111,3.87,1.65
17,568,56800,car,932.787,1005.183,-6.11,0.212,3.107,3.87,1.65
17,569,56900,car,932.176,1005.209,-6.102,0.235,3.103,3.87,1.65
17,570,57000,car,931.566,1005.237,-6.094,0.256,3.1,3.87,1.65
17,571,57100,car,930.957,1005.266,-6.087,0.275,3.096,3.87,1.65
17,572,57200,car,930.348,1005.297,-6.079,0.291,3.094,3.87,1.65
17,573,57300,car,929.74,1005.329,-6.071,0.304,3.091,3.87,1.65
17,574,57400,car,929.133,1005.362,-6.061,0.316,3.09,3.87,1.65
17,575,57500,car,928.527,1005.395,-6.048,0.326,3.088,3.87,1.65
17,576,57600,car,927.923,1005.43,-6.034,0.334,3.086,3.87,1.65
17,577,57700,car,927.319,1005.465,-6.017,0.342,3.085,3.87,1.65
17,578,57800,car,926.718,1005.501,-5.998,0.349,3.083,3.87,1.65
17,579,57900,car,926.118,1005.537,-5.977,0.356,3.082,3.87,1.65
17,580,58000,car,925.52,1005.575,-5.955,0.364,3.081,3.87,1.65
17,581,58100,car,924.925,1005.613,-5.932,0.372,3.079,3.87,1.65
17,582,58200,car,924.332,1005.652,-5.912,0.38,3.077,3.87,1.65
17,583,58300,car,923.741,1005.693,-5.894,0.39,3.076,3.87,1.65
17,584,58400,car,923.152,1005.734,-5.881,0.401,3.074,3.87,1.65
17,585,58500,car,922.564,1005.777,-5.875,0.412,3.072,3.87,1.65
17,586,58600,car,921.976,1005.82,-5.877,0.425,3.069,3.87,1.65
17,587,58700,car,921.389,1005.866,-5.888,0.438,3.067,3.87,1.65
17,588,58800,car,920.8,1005.912,-5.909,0.453,3.065,3.87,1.65
17,589,58900,car,920.21,1005.96,-5.941,0.468,3.063,3.87,1.65
17,590,59000,car,919.616,1006.009,-5.983,0.483,3.061,3.87,1.65
17,591,59100,car,919.018,1006.059,-6.034,0.498,3.059,3.87,1.65
17,592,59200,car,918.414,1006.111,-6.092,0.513,3.058,3.87,1.65
17,593,59300,car,917.805,1006.164,-6.154,0.528,3.056,3.87,1.65
17,594,59400,car,917.19,1006.219,-6.22,0.541,3.055,3.87,1.65
17,595,59500,car,916.568,1006.274,-6.286,0.553,3.054,3.87,1.65
17,596,59600,car,915.94,1006.331,-6.35,0.564,3.053,3.87,1.65
17,597,59700,car,915.305,1006.388,-6.409,0.573,3.052,3.87,1.65
17,598,59800,car,914.664,1006.446,-6.463,0.58,3.052,3.87,1.65
17,599,59900,car,914.018,1006.504,-6.51,0.584,3.052,3.87,1.65
17,600,60000,car,913.367,1006.562,-6.548,0.587,3.052,3.87,1.65
17,601,60100,car,912.712,1006.62,-6.579,0.588,3.052,3.87,1.65
17,602,60200,car,912.054,1006.679,-6.602,0.587,3.053,3.87,1.65
17,603,60300,car,911.393,1006.737,-6.619,0.585,3.053,3.87,1.65
17,604,60400,car,910.731,1006.794,-6.631,0.581,3.054,3.87,1.65
17,605,60500,car,910.068,1006.852,-6.639,0.577,3.055,3.87,1.65
17,606,60600,car,909.404,1006.908,-6.648,0.573,3.056,3.87,1.65
17,607,60700,car,908.739,1006.965,-6.658,0.568,3.056,3.87,1.65
17,608,60800,car,908.074,1007.021,-6.671,0.564,3.057,3.87,1.65
17,609,60900,car,907.406,1007.076,-6.69,0.56,3.058,3.87,1.65
17,610,61000,car,906.737,1007.131,-6.715,0.557,3.059,3.87,1.65
17,611,61100,car,906.066,1007.186,-6.746,0.555,3.059,3.87,1.65
17,612,61200,car,905.391,1007.241,-6.785,0.554,3.06,3.87,1.65
17,613,61300,car,904.713,1007.295,-6.829,0.554,3.061,3.87,1.65
17,614,61400,car,904.03,1007.35,-6.877,0.554,3.061,3.87,1.65
17,615,61500,car,903.342,1007.405,-6.929,0.556,3.062,3.87,1.65
17,616,61600,car,902.649,1007.46,-6.981,0.558,3.062,3.87,1.65
17,617,61700,car,901.951,1007.516,-7.031,0.56,3.062,3.87,1.65
17,618,61800,car,901.248,1007.571,-7.078,0.562,3.062,3.87,1.65
17,619,61900,car,900.54,1007.627,-7.12,0.564,3.063,3.87,1.65
17,620,62000,car,899.828,1007.684,-7.156,0.566,3.063,3.87,1.65
17,621,62100,car,899.112,1007.74,-7.186,0.567,3.063,3.87,1.65
17,622,62200,car,898.394,1007.797,-7.209,0.568,3.063,3.87,1.65
17,623,62300,car,897.673,1007.853,-7.225,0.569,3.063,3.87,1.65
17,624,62400,car,896.95,1007.91,-7.235,0.568,3.063,3.87,1.65
17,625,62500,car,896.227,1007.967,-7.24,0.568,3.063,3.87,1.65
17,626,62600,car,895.503,1008.023,-7.242,0.567,3.063,3.87,1.65
17,627,62700,car,894.779,1008.08,-7.242,0.566,3.064,3.87,1.65
18,450,45000,car,1012.076,1006.063,-5.798,0.507,3.054,4.51,1.83
18,451,45100,car,1011.496,1006.113,-5.795,0.502,3.055,4.51,1.83
18,452,45200,car,1010.917,1006.162,-5.78,0.497,3.056,4.51,1.83
18,453,45300,car,1010.339,1006.211,-5.754,0.49,3.057,4.51,1.83
18,454,45400,car,1009.763,1006.258,-5.719,0.482,3.058,4.51,1.83
18,455,45500,car,1009.191,1006.305,-5.678,0.473,3.058,4.51,1.83
18,456,45600,car,1008.623,1006.351,-5.635,0.464,3.059,4.51,1.83
18,457,45700,car,1008.06,1006.396,-5.591,0.455,3.06,4.51,1.83
18,458,45800,car,1007.501,1006.44,-5.55,0.446,3.061,4.51,1.83
18,459,45900,car,1006.945,1006.484,-5.513,0.438,3.062,4.51,1.83
18,460,46000,car,1006.394,1006.527,-5.48,0.431,3.063,4.51,1.83
18,461,46100,car,1005.846,1006.569,-5.453,0.425,3.064,4.51,1.83
18,462,46200,car,1005.301,1006.61,-5.431,0.419,3.065,4.51,1.83
18,463,46300,car,1004.757,1006.651,-5.413,0.415,3.065,4.51,1.83
18,464,46400,car,1004.216,1006.692,-5.4,0.411,3.066,4.51,1.83
18,465,46500,car,1003.676,1006.733,-5.389,0.408,3.066,4.51,1.83
18,466,46600,car,1003.137,1006.773,-5.381,0.406,3.066,4.51,1.83
18,467,46700,car,1002.599,1006.813,-5.375,0.404,3.067,4.51,1.83
18,468,46800,car,1002.061,1006.854,-5.369,0.402,3.067,4.51,1.83
18,469,46900,car,1001.524,1006.894,-5.364,0.401,3.067,4.51,1.83
18,470,47000,car,1000.988,1006.933,-5.359,0.4,3.067,4.51,1.83
18,471,47100,car,1000.452,1006.973,-5.354,0.398,3.067,4.51,1.83
18,472,47200,car,999.917,1007.013,-5.349,0.396,3.068,4.51,1.83
18,473,47300,car,999.382,1007.052,-5.344,0.394,3.068,4.51,1.83
18,474,47400,car,998.847,1007.091,-5.341,0.391,3.068,4.51,1.83
18,475,47500,car,998.313,1007.129,-5.34,0.388,3.069,4.51,1.83
18,476,47600,car,997.779,1007.167,-5.34,0.385,3.07,4.51,1.83
18,477,47700,car,997.245,1007.204,-5.343,0.381,3.07,4.51,1.83
18,478,47800,car,996.711,1007.241,-5.349,0.377,3.071,4.51,1.83
18,479,47900,car,996.176,1007.278,-5.357,0.372,3.072,4.51,1.83
18,480,48000,car,995.64,1007.313,-5.366,0.366,3.073,4.51,1.83
18,481,48100,car,995.103,1007.348,-5.377,0.36,3.075,4.51,1.83
18,482,48200,car,994.565,1007.382,-5.389,0.353,3.076,4.51,1.83
18,483,48300,car,994.026,1007.416,-5.402,0.346,3.078,4.51,1.83
18,484,48400,car,993.486,1007.448,-5.414,0.338,3.079,4.51,1.83
18,485,48500,car,992.944,1007.479,-5.425,0.329,3.081,4.51,1.83
18,486,48600,car,992.402,1007.51,-5.436,0.32,3.083,4.51,1.83
18,487,48700,car,991.858,1007.539,-5.447,0.309,3.085,4.51,1.83
18,488,48800,car,991.313,1007.567,-5.456,0.299,3.087,4.51,1.83
18,489,48900,car,990.767,1007.594,-5.464,0.287,3.089,4.51,1.83
18,490,49000,car,990.221,1007.62,-5.471,0.275,3.091,4.51,1.83
18,491,49100,car,989.674,1007.645,-5.476,0.262,3.094,4.51,1.83
18,492,49200,car,989.126,1007.668,-5.479,0.249,3.096,4.51,1.83
18,493,49300,car,988.578,1007.689,-5.48,0.236,3.099,4.51,1.83
18,494,49400,car,988.03,1007.709,-5.479,0.222,3.101,4.51,1.83
18,495,49500,car,987.482,1007.728,-5.475,0.208,3.104,4.51,1.83
18,496,49600,car,986.934,1007.746,-5.467,0.194,3.106,4.51,1.83
18,497,49700,car,986.387,1007.762,-5.457,0.18,3.109,4.51,1.83
18,498,49800,car,985.841,1007.776,-5.443,0.166,3.111,4.51,1.83
18,499,49900,car,985.297,1007.79,-5.426,0.152,3.114,4.51,1.83
18,500,50000,car,984.754,1007.802,-5.407,0.139,3.116,4.51,1.83
18,501,50100,car,984.214,1007.813,-5.387,0.126,3.118,4.51,1.83
18,502,50200,car,983.675,1007.822,-5.367,0.113,3.121,4.51,1.83
18,503,50300,car,983.138,1007.83,-5.347,0.1,3.123,4.51,1.83
18,504,50400,car,982.603,1007.837,-5.329,0.087,3.125,4.51,1.83
18,505,50500,car,982.07,1007.843,-5.313,0.074,3.128,4.51,1.83
18,506,50600,car,981.539,1007.847,-5.3,0.061,3.13,4.51,1.83
18,507,50700,car,981.009,1007.849,-5.291,0.047,3.133,4.51,1.83
18,508,50800,car,980.48,1007.85,-5.285,0.031,3.136,4.51,1.83
18,509,50900,car,979.951,1007.849,-5.283,0.015,3.139,4.51,1.83
18,510,51000,car,979.423,1007.846,-5.284,-0.002,-3.141,4.51,1.83
18,511,51100,car,978.895,1007.841,-5.289,-0.021,-3.138,4.51,1.83
18,512,51200,car,978.366,1007.834,-5.298,-0.042,-3.134,4.51,1.83
18,513,51300,car,977.836,1007.824,-5.308,-0.064,-3.129,4.51,1.83
18,514,51400,car,977.305,1007.812,-5.322,-0.088,-3.125,4.51,1.83
18,515,51500,car,976.773,1007.797,-5.337,-0.113,-3.12,4.51,1.83
18,516,51600,car,976.24,1007.779,-5.354,-0.14,-3.116,4.51,1.83
18,517,51700,car,975.704,1007.759,-5.373,-0.167,-3.111,4.51,1.83
18,518,51800,car,975.167,1007.735,-5.394,-0.195,-3.105,4.51,1.83
18,519,51900,car,974.628,1007.709,-5.415,-0.224,-3.1,4.51,1.83
18,520,52000,car,974.087,1007.68,-5.438,-0.252,-3.095,4.51,1.83
18,521,52100,car,973.543,1007.648,-5.462,-0.281,-3.09,4.51,1.83
18,522,52200,car,972.998,1007.613,-5.486,-0.309,-3.085,4.51,1.83
18,523,52300,car,972.449,1007.576,-5.511,-0.335,-3.081,4.51,1.83
18,524,52400,car,971.899,1007.537,-5.536,-0.361,-3.076,4.51,1.83
18,525,52500,car,971.345,1007.496,-5.561,-0.385,-3.072,4.51,1.83
18,526,52600,car,970.79,1007.452,-5.583,-0.408,-3.069,4.51,1.83
18,527,52700,car,970.232,1007.407,-5.603,-0.429,-3.065,4.51,1.83
18,528,52800,car,969.672,1007.36,-5.619,-0.448,-3.062,4.51,1.83
18,529,52900,car,969.11,1007.311,-5.632,-0.465,-3.059,4.51,1.83
18,530,53000,car,968.547,1007.261,-5.64,-0.48,-3.057,4.51,1.83
18,531,53100,car,967.983,1007.21,-5.644,-0.493,-3.054,4.51,1.83
18,532,53200,car,967.419,1007.158,-5.644,-0.505,-3.052,4.51,1.83
18,533,53300,car,966.855,1007.105,-5.642,-0.515,-3.051,4.51,1.83
18,534,53400,car,966.291,1007.051,-5.638,-0.524,-3.049,4.51,1.83
18,535,53500,car,965.727,1006.997,-5.634,-0.532,-3.047,4.51,1.83
18,536,53600,car,965.164,1006.942,-5.631,-0.54,-3.046,4.51,1.83
18,537,53700,car,964.601,1006.886,-5.63,-0.546,-3.045,4.51,1.83
18,538,53800,car,964.038,1006.83,-5.631,-0.552,-3.044,4.51,1.83
18,539,53900,car,963.475,1006.774,-5.635,-0.558,-3.043,4.51,1.83
18,540,54000,car,962.912,1006.717,-5.642,-0.563,-3.042,4.51,1.83
18,541,54100,car,962.348,1006.66,-5.653,-0.567,-3.042,4.51,1.83
18,542,54200,car,961.783,1006.603,-5.666,-0.57,-3.041,4.51,1.83
18,543,54300,car,961.216,1006.546,-5.681,-0.573,-3.041,4.51,1.83
18,544,54400,car,960.648,1006.489,-5.697,-0.574,-3.041,4.51,1.83
18,545,54500,car,960.078,1006.432,-5.715,-0.574,-3.042,4.51,1.83
18,546,54600,car,959.507,1006.375,-5.734,-0.572,-3.042,4.51,1.83
18,547,54700,car,958.933,1006.319,-5.753,-0.569,-3.043,4.51,1.83
18,548,54800,car,958.357,1006.263,-5.772,-0.565,-3.044,4.51,1.83
18,549,54900,car,957.78,1006.209,-5.791,-0.558,-3.045,4.51,1.83
18,550,55000,car,957.201,1006.155,-5.808,-0.55,-3.047,4.51,1.83
18,551,55100,car,956.62,1006.103,-5.824,-0.54,-3.049,4.51,1.83
18,552,55200,car,956.037,1006.051,-5.838,-0.529,-3.051,4.51,1.83
18,553,55300,car,955.453,1006.002,-5.85,-0.516,-3.054,4.51,1.83
18,554,55400,car,954.868,1005.953,-5.86,-0.502,-3.056,4.51,1.83
18,555,55500,car,954.281,1005.907,-5.867,-0.487,-3.059,4.51,1.83
18,556,55600,car,953.694,1005.861,-5.872,-0.472,-3.061,4.51,1.83
18,557,55700,car,953.107,1005.818,-5.874,-0.455,-3.064,4.51,1.83
18,558,55800,car,952.519,1005.776,-5.873,-0.438,-3.067,4.51,1.83
18,559,55900,car,951.932,1005.736,-5.871,-0.422,-3.07,4.51,1.83
18,560,56000,car,951.344,1005.698,-5.866,-0.405,-3.073,4.51,1.83
18,561,56100,car,950.757,1005.661,-5.86,-0.388,-3.075,4.51,1.83
18,562,56200,car,950.171,1005.625,-5.852,-0.372,-3.078,4.51,1.83
18,563,56300,car,949.586,1005.592,-5.843,-0.357,-3.081,4.51,1.83
18,564,56400,car,949.001,1005.559,-5.833,-0.342,-3.083,4.51,1.83
18,565,56500,car,948.418,1005.528,-5.824,-0.328,-3.085,4.51,1.83
18,566,56600,car,947.835,1005.498,-5.816,-0.314,-3.088,4.51,1.83
18,567,56700,car,947.253,1005.47,-5.811,-0.301,-3.09,4.51,1.83
18,568,56800,car,946.672,1005.443,-5.808,-0.288,-3.092,4.51,1.83
18,569,56900,car,946.091,1005.417,-5.809,-0.275,-3.094,4.51,1.83
18,570,57000,car,945.51,1005.392,-5.815,-0.263,-3.096,4.51,1.83
18,571,57100,car,944.928,1005.369,-5.826,-0.251,-3.099,4.51,1.83
18,572,57200,car,944.346,1005.347,-5.842,-0.238,-3.101,4.51,1.83
18,573,57300,car,943.761,1005.326,-5.863,-0.226,-3.103,4.51,1.83
18,574,57400,car,943.175,1005.307,-5.887,-0.212,-3.106,4.51,1.83
18,575,57500,car,942.586,1005.289,-5.915,-0.198,-3.108,4.51,1.83
18,576,57600,car,941.994,1005.272,-5.946,-0.184,-3.111,4.51,1.83
18,577,57700,car,941.4,1005.258,-5.977,-0.168,-3.113,4.51,1.83
18,578,57800,car,940.802,1005.245,-6.009,-0.152,-3.116,4.51,1.83
18,579,57900,car,940.201,1005.234,-6.04,-0.134,-3.119,4.51,1.83
18,580,58000,car,939.597,1005.224,-6.068,-0.115,-3.123,4.51,1.83
18,581,58100,car,938.99,1005.217,-6.094,-0.096,-3.126,4.51,1.83
18,582,58200,car,938.381,1005.212,-6.115,-0.075,-3.129,4.51,1.83
18,583,58300,car,937.769,1005.209,-6.131,-0.054,-3.133,4.51,1.83
18,584,58400,car,937.156,1005.209,-6.141,-0.032,-3.136,4.51,1.83
18,585,58500,car,936.542,1005.21,-6.144,-0.01,-3.14,4.51,1.83
18,586,58600,car,935.928,1005.214,-6.142,0.012,3.14,4.51,1.83
18,587,58700,car,935.313,1005.22,-6.132,0.034,3.136,4.51,1.83
18,588,58800,car,934.7,1005.228,-6.117,0.056,3.132,4.51,1.83
18,589,58900,car,934.089,1005.238,-6.098,0.077,3.129,4.51,1.83
18,590,59000,car,933.479,1005.251,-6.075,0.097,3.126,4.51,1.83
18,591,59100,car,932.871,1005.265,-6.05,0.117,3.122,4.51,1.83
18,592,59200,car,932.267,1005.281,-6.026,0.136,3.119,4.51,1.83
18,593,59300,car,931.664,1005.298,-6.003,0.153,3.116,4.51,1.83
18,594,59400,car,931.064,1005.317,-5.983,0.17,3.113,4.51,1.83
18,595,59500,car,930.466,1005.338,-5.968,0.187,3.11,4.51,1.83
18,596,59600,car,929.869,1005.36,-5.956,0.202,3.108,4.51,1.83
18,597,59700,car,929.273,1005.384,-5.949,0.217,3.105,4.51,1.83
18,598,59800,car,928.679,1005.409,-5.946,0.232,3.103,4.51,1.83
18,599,59900,car,928.084,1005.436,-5.945,0.247,3.1,4.51,1.83
18,600,60000,car,927.49,1005.463,-5.947,0.26,3.098,4.51,1.83
18,601,60100,car,926.895,1005.492,-5.949,0.274,3.096,4.51,1.83
18,602,60200,car,926.301,1005.523,-5.95,0.288,3.093,4.51,1.83
18,603,60300,car,925.706,1005.555,-5.95,0.301,3.091,4.51,1.83
18,604,60400,car,925.111,1005.588,-5.949,0.314,3.089,4.51,1.83
18,605,60500,car,924.516,1005.622,-5.946,0.327,3.087,4.51,1.83
18,606,60600,car,923.922,1005.657,-5.941,0.34,3.084,4.51,1.83
18,607,60700,car,923.328,1005.694,-5.937,0.353,3.082,4.51,1.83
18,608,60800,car,922.734,1005.733,-5.934,0.366,3.08,4.51,1.83
18,609,60900,car,922.141,1005.772,-5.932,0.379,3.078,4.51,1.83
18,610,61000,car,921.548,1005.813,-5.933,0.392,3.076,4.51,1.83
18,611,61100,car,920.955,1005.855,-5.937,0.404,3.074,4.51,1.83
18,612,61200,car,920.361,1005.898,-5.944,0.417,3.071,4.51,1.83
18,613,61300,car,919.767,1005.942,-5.955,0.43,3.069,4.51,1.83
18,614,61400,car,919.172,1005.988,-5.97,0.443,3.068,4.51,1.83
18,615,61500,car,918.575,1006.035,-5.988,0.455,3.066,4.51,1.83
18,616,61600,car,917.976,1006.082,-6.009,0.467,3.064,4.51,1.83
18,617,61700,car,917.376,1006.131,-6.033,0.478,3.062,4.51,1.83
18,618,61800,car,916.773,1006.181,-6.059,0.489,3.061,4.51,1.83
18,619,61900,car,916.167,1006.231,-6.087,0.498,3.06,4.51,1.83
18,620,62000,car,915.558,1006.283,-6.116,0.507,3.059,4.51,1.83
18,621,62100,car,914.947,1006.335,-6.146,0.515,3.058,4.51,1.83
18,622,62200,car,914.332,1006.387,-6.177,0.522,3.057,4.51,1.83
18,623,62300,car,913.715,1006.44,-6.208,0.529,3.057,4.51,1.83
18,624,62400,car,913.094,1006.494,-6.24,0.534,3.056,4.51,1.83
18,625,62500,car,912.47,1006.547,-6.274,0.539,3.056,4.51,1.83
18,626,62600,car,911.843,1006.601,-6.309,0.543,3.056,4.51,1.83
18,627,62700,car,911.212,1006.656,-6.347,0.546,3.056,4.51,1.83
18,628,62800,car,910.577,1006.71,-6.388,0.55,3.056,4.51,1.83
18,629,62900,car,909.938,1006.765,-6.431,0.553,3.056,4.51,1.83
18,630,63000,car,909.295,1006.82,-6.477,0.556,3.056,4.51,1.83
18,631,63100,car,908.647,1006.876,-6.526,0.559,3.056,4.51,1.83
18,632,63200,car,907.995,1006.932,-6.575,0.563,3.056,4.51,1.83
18,633,63300,car,907.337,1006.988,-6.626,0.566,3.056,4.51,1.83
18,634,63400,car,906.675,1007.044,-6.677,0.57,3.056,4.51,1.83
18,635,63500,car,906.007,1007.101,-6.727,0.574,3.056,4.51,1.83
18,636,63600,car,905.334,1007.159,-6.775,0.579,3.056,4.51,1.83
18,637,63700,car,904.657,1007.217,-6.821,0.583,3.056,4.51,1.83
18,638,63800,car,903.975,1007.275,-6.864,0.588,3.056,4.51,1.83
18,639,63900,car,903.288,1007.334,-6.902,0.592,3.056,4.51,1.83
18,640,64000,car,902.598,1007.394,-6.937,0.597,3.056,4.51,1.83
18,641,64100,car,901.904,1007.454,-6.966,0.601,3.056,4.51,1.83
18,642,64200,car,901.208,1007.514,-6.991,0.605,3.055,4.51,1.83
18,643,64300,car,900.509,1007.575,-7.011,0.609,3.055,4.51,1.83
18,644,64400,car,899.808,1007.637,-7.027,0.613,3.055,4.51,1.83
18,645,64500,car,899.105,1007.698,-7.038,0.616,3.054,4.51,1.83
18,646,64600,car,898.401,1007.76,-7.046,0.619,3.054,4.51,1.83
18,647,64700,car,897.697,1007.823,-7.051,0.622,3.054,4.51,1.83
18,648,64800,car,896.992,1007.885,-7.053,0.624,3.053,4.51,1.83
18,649,64900,car,896.286,1007.948,-7.054,0.627,3.053,4.51,1.83
18,650,65000,car,895.581,1008.011,-7.054,0.629,3.053,4.51,1.83
19,470,47000,car,1011.983,1005.656,-5.363,0.538,3.042,4.61,1.83
19,471,47100,car,1011.447,1005.709,-5.361,0.534,3.042,4.61,1.83
19,472,47200,car,1010.911,1005.761,-5.35,0.528,3.043,4.61,1.83
19,473,47300,car,1010.376,1005.812,-5.331,0.521,3.044,4.61,1.83
19,474,47400,car,1009.843,1005.863,-5.303,0.513,3.045,4.61,1.83
19,475,47500,car,1009.312,1005.913,-5.271,0.504,3.046,4.61,1.83
19,476,47600,car,1008.785,1005.962,-5.236,0.495,3.047,4.61,1.83
19,477,47700,car,1008.261,1006.01,-5.203,0.485,3.049,4.61,1.83
19,478,47800,car,1007.741,1006.056,-5.173,0.476,3.05,4.61,1.83
19,479,47900,car,1007.223,1006.102,-5.149,0.467,3.051,4.61,1.83
19,480,48000,car,1006.708,1006.147,-5.133,0.459,3.053,4.61,1.83
19,481,48100,car,1006.194,1006.191,-5.127,0.451,3.054,4.61,1.83
19,482,48200,car,1005.682,1006.234,-5.131,0.444,3.055,4.61,1.83
19,483,48300,car,1005.168,1006.277,-5.148,0.438,3.057,4.61,1.83
19,484,48400,car,1004.653,1006.319,-5.176,0.434,3.058,4.61,1.83
19,485,48500,car,1004.136,1006.36,-5.216,0.43,3.059,4.61,1.83
19,486,48600,car,1003.614,1006.401,-5.268,0.428,3.061,4.61,1.83
19,487,48700,car,1003.087,1006.443,-5.331,0.426,3.062,4.61,1.83
19,488,48800,car,1002.554,1006.484,-5.401,0.426,3.063,4.61,1.83
19,489,48900,car,1002.013,1006.525,-5.478,0.427,3.064,4.61,1.83
19,490,49000,car,1001.466,1006.566,-5.559,0.428,3.065,4.61,1.83
19,491,49100,car,1000.91,1006.608,-5.641,0.429,3.066,4.61,1.83
19,492,49200,car,1000.345,1006.65,-5.721,0.431,3.066,4.61,1.83
19,493,49300,car,999.773,1006.692,-5.798,0.433,3.067,4.61,1.83
19,494,49400,car,999.193,1006.734,-5.87,0.435,3.068,4.61,1.83
19,495,49500,car,998.606,1006.777,-5.934,0.437,3.068,4.61,1.83
19,496,49600,car,998.013,1006.82,-5.989,0.438,3.069,4.61,1.83
19,497,49700,car,997.414,1006.863,-6.035,0.439,3.069,4.61,1.83
19,498,49800,car,996.81,1006.907,-6.072,0.439,3.069,4.61,1.83
19,499,49900,car,996.203,1006.95,-6.099,0.439,3.07,4.61,1.83
19,500,50000,car,995.593,1006.993,-6.118,0.437,3.07,4.61,1.83
19,501,50100,car,994.981,1007.036,-6.129,0.435,3.071,4.61,1.83
19,502,50200,car,994.369,1007.079,-6.133,0.433,3.071,4.61,1.83
19,503,50300,car,993.755,1007.122,-6.132,0.429,3.072,4.61,1.83
19,504,50400,car,993.142,1007.164,-6.126,0.425,3.072,4.61,1.83
19,505,50500,car,992.529,1007.205,-6.118,0.42,3.073,4.61,1.83
19,506,50600,car,991.917,1007.246,-6.108,0.414,3.074,4.61,1.83
19,507,50700,car,991.306,1007.286,-6.097,0.408,3.075,4.61,1.83
19,508,50800,car,990.697,1007.326,-6.087,0.401,3.076,4.61,1.83
19,509,50900,car,990.088,1007.364,-6.077,0.394,3.077,4.61,1.83
19,510,51000,car,989.48,1007.402,-6.067,0.385,3.078,4.61,1.83
19,511,51100,car,988.873,1007.438,-6.058,0.376,3.08,4.61,1.83
19,512,51200,car,988.267,1007.474,-6.05,0.367,3.081,4.61,1.83
19,513,51300,car,987.662,1007.508,-6.04,0.356,3.083,4.61,1.83
19,514,51400,car,987.058,1007.542,-6.028,0.345,3.084,4.61,1.83
19,515,51500,car,986.455,1007.573,-6.012,0.333,3.086,4.61,1.83
19,516,51600,car,985.854,1007.604,-5.991,0.32,3.088,4.61,1.83
19,517,51700,car,985.254,1007.633,-5.961,0.306,3.09,4.61,1.83
19,518,51800,car,984.658,1007.661,-5.922,0.291,3.093,4.61,1.83
19,519,51900,car,984.066,1007.687,-5.872,0.275,3.095,4.61,1.83
19,520,52000,car,983.478,1007.711,-5.809,0.258,3.097,4.61,1.83
19,521,52100,car,982.897,1007.733,-5.732,0.24,3.1,4.61,1.83
19,522,52200,car,982.324,1007.753,-5.641,0.221,3.102,4.61,1.83
19,523,52300,car,981.76,1007.772,-5.536,0.201,3.105,4.61,1.83
19,524,52400,car,981.206,1007.788,-5.418,0.181,3.108,4.61,1.83
19,525,52500,car,980.664,1007.801,-5.287,0.16,3.111,4.61,1.83
19,526,52600,car,980.135,1007.813,-5.145,0.139,3.115,4.61,1.83
19,527,52700,car,979.621,1007.822,-4.995,0.118,3.118,4.61,1.83
19,528,52800,car,979.121,1007.829,-4.84,0.097,3.122,4.61,1.83
19,529,52900,car,978.637,1007.833,-4.682,0.077,3.125,4.61,1.83
19,530,53000,car,978.169,1007.836,-4.525,0.057,3.129,4.61,1.83
19,531,53100,car,977.716,1007.836,-4.373,0.038,3.133,4.61,1.83
19,532,53200,car,977.279,1007.834,-4.23,0.021,3.137,4.61,1.83
19,533,53300,car,976.856,1007.83,-4.097,0.004,3.141,4.61,1.83
19,534,53400,car,976.446,1007.825,-3.979,-0.011,-3.139,4.61,1.83
19,535,53500,car,976.048,1007.819,-3.878,-0.025,-3.135,4.61,1.83
19,536,53600,car,975.661,1007.811,-3.795,-0.039,-3.131,4.61,1.83
19,537,53700,car,975.281,1007.802,-3.731,-0.051,-3.128,4.61,1.83
19,538,53800,car,974.908,1007.792,-3.687,-0.063,-3.124,4.61,1.83
19,539,53900,car,974.539,1007.781,-3.664,-0.075,-3.121,4.61,1.83
19,540,54000,car,974.173,1007.769,-3.66,-0.087,-3.118,4.61,1.83
19,541,54100,car,973.807,1007.756,-3.676,-0.098,-3.115,4.61,1.83
19,542,54200,car,973.44,1007.742,-3.709,-0.11,-3.112,4.61,1.83
19,543,54300,car,973.069,1007.727,-3.759,-0.123,-3.109,4.61,1.83
19,544,54400,car,972.693,1007.711,-3.823,-0.136,-3.106,4.61,1.83
19,545,54500,car,972.311,1007.694,-3.9,-0.149,-3.103,4.61,1.83
19,546,54600,car,971.921,1007.675,-3.986,-0.164,-3.1,4.61,1.83
19,547,54700,car,971.523,1007.654,-4.081,-0.179,-3.098,4.61,1.83
19,548,54800,car,971.115,1007.633,-4.18,-0.195,-3.095,4.61,1.83
19,549,54900,car,970.697,1007.609,-4.281,-0.211,-3.092,4.61,1.83
19,550,55000,car,970.269,1007.584,-4.38,-0.228,-3.089,4.61,1.83
19,551,55100,car,969.832,1007.557,-4.476,-0.246,-3.087,4.61,1.83
19,552,55200,car,969.384,1007.529,-4.565,-0.264,-3.084,4.61,1.83
19,553,55300,car,968.928,1007.498,-4.644,-0.282,-3.081,4.61,1.83
19,554,55400,car,968.464,1007.466,-4.713,-0.3,-3.078,4.61,1.83
19,555,55500,car,967.993,1007.432,-4.769,-0.318,-3.075,4.61,1.83
19,556,55600,car,967.516,1007.396,-4.812,-0.336,-3.072,4.61,1.83
19,557,55700,car,967.035,1007.358,-4.841,-0.353,-3.069,4.61,1.83
19,558,55800,car,966.552,1007.318,-4.856,-0.371,-3.065,4.61,1.83
19,559,55900,car,966.066,1007.276,-4.857,-0.387,-3.062,4.61,1.83
19,560,56000,car,965.581,1007.233,-4.846,-0.404,-3.058,4.61,1.83
19,561,56100,car,965.097,1007.187,-4.823,-0.419,-3.055,4.61,1.83
19,562,56200,car,964.615,1007.14,-4.791,-0.434,-3.051,4.61,1.83
19,563,56300,car,964.136,1007.092,-4.751,-0.448,-3.048,4.61,1.83
19,564,56400,car,963.662,1007.042,-4.706,-0.461,-3.044,4.61,1.83
19,565,56500,car,963.192,1006.991,-4.658,-0.474,-3.04,4.61,1.83
19,566,56600,car,962.727,1006.938,-4.607,-0.486,-3.037,4.61,1.83
19,567,56700,car,962.266,1006.885,-4.556,-0.497,-3.033,4.61,1.83
19,568,56800,car,961.811,1006.83,-4.505,-0.507,-3.03,4.61,1.83
19,569,56900,car,961.361,1006.775,-4.454,-0.515,-3.026,4.61,1.83
19,570,57000,car,960.916,1006.72,-4.405,-0.523,-3.023,4.61,1.83
19,571,57100,car,960.476,1006.664,-4.356,-0.529,-3.021,4.61,1.83
19,572,57200,car,960.041,1006.607,-4.31,-0.533,-3.018,4.61,1.83
19,573,57300,car,959.611,1006.552,-4.266,-0.536,-3.017,4.61,1.83
19,574,57400,car,959.184,1006.496,-4.225,-0.538,-3.015,4.61,1.83
19,575,57500,car,958.762,1006.441,-4.187,-0.537,-3.014,4.61,1.83
19,576,57600,car,958.343,1006.386,-4.155,-0.536,-3.013,4.61,1.83
19,577,57700,car,957.928,1006.332,-4.128,-0.533,-3.013,4.61,1.83
19,578,57800,car,957.515,1006.279,-4.108,-0.53,-3.013,4.61,1.83
19,579,57900,car,957.104,1006.227,-4.096,-0.526,-3.014,4.61,1.83
19,580,58000,car,956.694,1006.176,-4.093,-0.521,-3.015,4.61,1.83
19,581,58100,car,956.284,1006.126,-4.099,-0.517,-3.016,4.61,1.83
19,582,58200,car,955.874,1006.076,-4.117,-0.513,-3.018,4.61,1.83
19,583,58300,car,955.462,1006.027,-4.145,-0.509,-3.019,4.61,1.83
19,584,58400,car,955.047,1005.979,-4.184,-0.506,-3.021,4.61,1.83
19,585,58500,car,954.628,1005.931,-4.233,-0.503,-3.023,4.61,1.83
19,586,58600,car,954.204,1005.883,-4.293,-0.501,-3.025,4.61,1.83
19,587,58700,car,953.775,1005.836,-4.362,-0.5,-3.027,4.61,1.83
19,588,58800,car,953.338,1005.788,-4.438,-0.5,-3.029,4.61,1.83
19,589,58900,car,952.894,1005.741,-4.52,-0.5,-3.031,4.61,1.83
19,590,59000,car,952.442,1005.693,-4.605,-0.501,-3.033,4.61,1.83
19,591,59100,car,951.981,1005.646,-4.69,-0.502,-3.035,4.61,1.83
19,592,59200,car,951.512,1005.598,-4.774,-0.503,-3.037,4.61,1.83
19,593,59300,car,951.034,1005.549,-4.852,-0.504,-3.038,4.61,1.83
19,594,59400,car,950.549,1005.501,-4.924,-0.505,-3.039,4.61,1.83
19,595,59500,car,950.056,1005.452,-4.985,-0.506,-3.04,4.61,1.83
19,596,59600,car,949.558,1005.403,-5.035,-0.506,-3.041,4.61,1.83
19,597,59700,car,949.054,1005.354,-5.071,-0.505,-3.042,4.61,1.83
19,598,59800,car,948.547,1005.305,-5.092,-0.502,-3.043,4.61,1.83
19,599,59900,car,948.037,1005.256,-5.099,-0.498,-3.044,4.61,1.83
19,600,60000,car,947.527,1005.208,-5.09,-0.491,-3.045,4.61,1.83
19,601,60100,car,947.018,1005.16,-5.068,-0.482,-3.047,4.61,1.83
19,602,60200,car,946.511,1005.114,-5.033,-0.471,-3.048,4.61,1.83
19,603,60300,car,946.008,1005.07,-4.988,-0.457,-3.05,4.61,1.83
19,604,60400,car,945.508,1005.027,-4.935,-0.441,-3.052,4.61,1.83
19,605,60500,car,945.015,1004.987,-4.878,-0.423,-3.055,4.61,1.83
19,606,60600,car,944.526,1004.949,-4.818,-0.403,-3.058,4.61,1.83
19,607,60700,car,944.044,1004.913,-4.758,-0.382,-3.062,4.61,1.83
19,608,60800,car,943.568,1004.88,-4.701,-0.359,-3.065,4.61,1.83
19,609,60900,car,943.097,1004.85,-4.649,-0.336,-3.069,4.61,1.83
19,610,61000,car,942.632,1004.823,-4.602,-0.312,-3.074,4.61,1.83
19,611,61100,car,942.171,1004.798,-4.562,-0.288,-3.079,4.61,1.83
19,612,61200,car,941.715,1004.776,-4.53,-0.264,-3.083,4.61,1.83
19,613,61300,car,941.261,1004.757,-4.506,-0.24,-3.088,4.61,1.83
19,614,61400,car,940.81,1004.74,-4.489,-0.216,-3.094,4.61,1.83
19,615,61500,car,940.361,1004.726,-4.48,-0.192,-3.099,4.61,1.83
19,616,61600,car,939.913,1004.714,-4.479,-0.168,-3.104,4.61,1.83
19,617,61700,car,939.464,1004.704,-4.484,-0.145,-3.109,4.61,1.83
19,618,61800,car,939.016,1004.697,-4.497,-0.122,-3.114,4.61,1.83
19,619,61900,car,938.566,1004.692,-4.518,-0.1,-3.12,4.61,1.83
19,620,62000,car,938.114,1004.689,-4.547,-0.077,-3.125,4.61,1.83
19,621,62100,car,937.659,1004.688,-4.583,-0.055,-3.13,4.61,1.83
19,622,62200,car,937.201,1004.689,-4.628,-0.033,-3.134,4.61,1.83
19,623,62300,car,936.738,1004.693,-4.681,-0.011,-3.139,4.61,1.83
19,624,62400,car,936.27,1004.698,-4.742,0.011,3.139,4.61,1.83
19,625,62500,car,935.796,1004.705,-4.81,0.033,3.135,4.61,1.83
19,626,62600,car,935.315,1004.715,-4.886,0.055,3.13,4.61,1.83
19,627,62700,car,934.826,1004.726,-4.969,0.078,3.126,4.61,1.83
19,628,62800,car,934.33,1004.74,-5.058,0.101,3.122,4.61,1.83
19,629,62900,car,933.824,1004.756,-5.153,0.125,3.117,4.61,1.83
19,630,63000,car,933.309,1004.775,-5.254,0.149,3.113,4.61,1.83
19,631,63100,car,932.784,1004.795,-5.359,0.174,3.109,4.61,1.83
19,632,63200,car,932.248,1004.818,-5.47,0.2,3.105,4.61,1.83
19,633,63300,car,931.701,1004.844,-5.585,0.226,3.101,4.61,1.83
19,634,63400,car,931.143,1004.872,-5.704,0.254,3.097,4.61,1.83
19,635,63500,car,930.573,1004.903,-5.827,0.282,3.093,4.61,1.83
19,636,63600,car,929.99,1004.937,-5.952,0.311,3.089,4.61,1.83
19,637,63700,car,929.395,1004.973,-6.08,0.341,3.086,4.61,1.83
19,638,63800,car,928.788,1005.012,-6.208,0.371,3.082,4.61,1.83
19,639,63900,car,928.167,1005.054,-6.336,0.402,3.078,4.61,1.83
19,640,64000,car,927.534,1005.099,-6.463,0.432,3.075,4.61,1.83
19,641,64100,car,926.888,1005.147,-6.585,0.463,3.071,4.61,1.83
19,642,64200,car,926.23,1005.198,-6.702,0.492,3.068,4.61,1.83
19,643,64300,car,925.56,1005.251,-6.81,0.52,3.065,4.61,1.83
19,644,64400,car,924.879,1005.307,-6.907,0.547,3.063,4.61,1.83
19,645,64500,car,924.189,1005.366,-6.992,0.571,3.06,4.61,1.83
19,646,64600,car,923.49,1005.426,-7.063,0.593,3.058,4.61,1.83
19,647,64700,car,922.784,1005.488,-7.118,0.613,3.056,4.61,1.83
19,648,64800,car,922.072,1005.552,-7.159,0.629,3.054,4.61,1.83
19,649,64900,car,921.356,1005.617,-7.184,0.642,3.052,4.61,1.83
19,650,65000,car,920.638,1005.683,-7.194,0.652,3.051,4.61,1.83
19,651,65100,car,919.919,1005.75,-7.191,0.66,3.05,4.61,1.83
19,652,65200,car,919.2,1005.817,-7.175,0.666,3.049,4.61,1.83
19,653,65300,car,918.483,1005.885,-7.148,0.669,3.048,4.61,1.83
19,654,65400,car,917.768,1005.953,-7.112,0.671,3.048,4.61,1.83
19,655,65500,car,917.057,1006.021,-7.066,0.671,3.047,4.61,1.83
19,656,65600,car,916.35,1006.088,-7.013,0.67,3.046,4.61,1.83
19,657,65700,car,915.649,1006.156,-6.953,0.668,3.046,4.61,1.83
19,658,65800,car,914.954,1006.224,-6.887,0.665,3.045,4.61,1.83
19,659,65900,car,914.265,1006.291,-6.816,0.661,3.045,4.61,1.83
19,660,66000,car,913.583,1006.357,-6.739,0.656,3.045,4.61,1.83
19,661,66100,car,912.91,1006.423,-6.659,0.65,3.044,4.61,1.83
19,662,66200,car,912.244,1006.488,-6.576,0.642,3.044,4.61,1.83
19,663,66300,car,911.586,1006.552,-6.49,0.634,3.044,4.61,1.83
19,664,66400,car,910.937,1006.616,-6.404,0.624,3.044,4.61,1.83
19,665,66500,car,910.297,1006.677,-6.319,0.613,3.045,4.61,1.83
19,666,66600,car,909.665,1006.738,-6.235,0.602,3.045,4.61,1.83
19,667,66700,car,909.041,1006.797,-6.155,0.589,3.046,4.61,1.83
19,668,66800,car,908.425,1006.855,-6.079,0.577,3.047,4.61,1.83
19,669,66900,car,907.817,1006.911,-6.009,0.564,3.048,4.61,1.83
19,670,67000,car,907.216,1006.966,-5.946,0.552,3.049,4.61,1.83
19,671,67100,car,906.621,1007.019,-5.892,0.54,3.05,4.61,1.83
19,672,67200,car,906.032,1007.072,-5.847,0.53,3.051,4.61,1.83
19,673,67300,car,905.447,1007.123,-5.812,0.52,3.052,4.61,1.83
19,674,67400,car,904.866,1007.174,-5.787,0.512,3.053,4.61,1.83
19,675,67500,car,904.287,1007.224,-5.77,0.506,3.054,4.61,1.83
19,676,67600,car,903.71,1007.273,-5.762,0.5,3.055,4.61,1.83
19,677,67700,car,903.134,1007.322,-5.762,0.496,3.056,4.61,1.83
19,678,67800,car,902.557,1007.371,-5.769,0.493,3.056,4.61,1.83
19,679,67900,car,901.98,1007.42,-5.781,0.492,3.057,4.61,1.83
19,680,68000,car,901.402,1007.468,-5.797,0.49,3.057,4.61,1.83
19,681,68100,car,900.823,1007.517,-5.816,0.49,3.058,4.61,1.83
19,682,68200,car,900.241,1007.565,-5.837,0.49,3.058,4.61,1.83
19,683,68300,car,899.657,1007.614,-5.858,0.49,3.058,4.61,1.83
19,684,68400,car,899.071,1007.663,-5.877,0.49,3.058,4.61,1.83
19,685,68500,car,898.484,1007.711,-5.895,0.49,3.059,4.61,1.83
19,686,68600,car,897.894,1007.76,-5.908,0.489,3.059,4.61,1.83
19,687,68700,car,897.303,1007.808,-5.918,0.489,3.059,4.61,1.83
19,688,68800,car,896.711,1007.857,-5.923,0.488,3.059,4.61,1.83
19,689,68900,car,896.119,1007.905,-5.926,0.486,3.06,4.61,1.83
19,690,69000,car,895.526,1007.954,-5.926,0.485,3.06,4.61,1.83
20,487,48700,car,1011.701,1003.092,-9.357,0.667,3.07,4.15,1.68
20,488,48800,car,1010.765,1003.159,-9.371,0.666,3.071,4.15,1.68
20,489,48900,car,1009.828,1003.225,-9.392,0.664,3.071,4.15,1.68
20,490,49000,car,1008.889,1003.291,-9.417,0.663,3.071,4.15,1.68
20,491,49100,car,1007.947,1003.357,-9.448,0.662,3.072,4.15,1.68
20,492,49200,car,1007.002,1003.423,-9.483,0.661,3.072,4.15,1.68
20,493,49300,car,1006.054,1003.489,-9.522,0.661,3.072,4.15,1.68
20,494,49400,car,1005.102,1003.554,-9.564,0.662,3.073,4.15,1.68
20,495,49500,car,1004.145,1003.62,-9.609,0.663,3.073,4.15,1.68
20,496,49600,car,1003.184,1003.687,-9.656,0.665,3.073,4.15,1.68
20,497,49700,car,1002.219,1003.753,-9.701,0.668,3.073,4.15,1.68
20,498,49800,car,1001.249,1003.82,-9.745,0.671,3.073,4.15,1.68
20,499,49900,car,1000.274,1003.887,-9.785,0.674,3.073,4.15,1.68
20,500,50000,car,999.296,1003.954,-9.819,0.677,3.073,4.15,1.68
20,501,50100,car,998.314,1004.022,-9.847,0.68,3.073,4.15,1.68
20,502,50200,car,997.329,1004.09,-9.866,0.683,3.072,4.15,1.68
20,503,50300,car,996.343,1004.159,-9.876,0.685,3.072,4.15,1.68
20,504,50400,car,995.355,1004.227,-9.875,0.686,3.072,4.15,1.68
20,505,50500,car,994.367,1004.296,-9.862,0.685,3.072,4.15,1.68
20,506,50600,car,993.381,1004.365,-9.835,0.684,3.072,4.15,1.68
20,507,50700,car,992.398,1004.433,-9.794,0.681,3.072,4.15,1.68
20,508,50800,car,991.418,1004.501,-9.738,0.676,3.072,4.15,1.68
20,509,50900,car,990.445,1004.568,-9.665,0.668,3.073,4.15,1.68
20,510,51000,car,989.478,1004.634,-9.575,0.659,3.073,4.15,1.68
20,511,51100,car,988.52,1004.7,-9.467,0.646,3.073,4.15,1.68
20,512,51200,car,987.574,1004.763,-9.341,0.631,3.074,4.15,1.68
20,513,51300,car,986.639,1004.825,-9.196,0.611,3.075,4.15,1.68
20,514,51400,car,985.72,1004.884,-9.032,0.587,3.077,4.15,1.68
20,515,51500,car,984.816,1004.941,-8.851,0.559,3.079,4.15,1.68
20,516,51600,car,983.931,1004.994,-8.653,0.525,3.081,4.15,1.68
20,517,51700,car,983.065,1005.042,-8.44,0.487,3.084,4.15,1.68
20,518,51800,car,982.221,1005.086,-8.214,0.443,3.088,4.15,1.68
20,519,51900,car,981.399,1005.125,-7.979,0.396,3.092,4.15,1.68
20,520,52000,car,980.601,1005.158,-7.736,0.346,3.097,4.15,1.68
20,521,52100,car,979.827,1005.186,-7.49,0.293,3.102,4.15,1.68
20,522,52200,car,979.078,1005.207,-7.245,0.239,3.109,4.15,1.68
20,523,52300,car,978.353,1005.222,-7.004,0.186,3.115,4.15,1.68
20,524,52400,car,977.652,1005.232,-6.77,0.134,3.122,4.15,1.68
20,525,52500,car,976.975,1005.236,-6.546,0.085,3.129,4.15,1.68
20,526,52600,car,976.32,1005.236,-6.334,0.039,3.135,4.15,1.68
20,527,52700,car,975.687,1005.231,-6.136,-0.003,-3.141,4.15,1.68
20,528,52800,car,975.073,1005.223,-5.952,-0.04,-3.135,4.15,1.68
20,529,52900,car,974.478,1005.211,-5.784,-0.074,-3.129,4.15,1.68
20,530,53000,car,973.9,1005.197,-5.632,-0.102,-3.123,4.15,1.68
20,531,53100,car,973.337,1005.18,-5.496,-0.127,-3.118,4.15,1.68
20,532,53200,car,972.788,1005.162,-5.376,-0.148,-3.114,4.15,1.68
20,533,53300,car,972.25,1005.143,-5.271,-0.165,-3.11,4.15,1.68
20,534,53400,car,971.723,1005.122,-5.181,-0.178,-3.107,4.15,1.68
20,535,53500,car,971.205,1005.102,-5.105,-0.189,-3.105,4.15,1.68
20,536,53600,car,970.695,1005.08,-5.043,-0.197,-3.102,4.15,1.68
20,537,53700,car,970.19,1005.059,-4.993,-0.203,-3.101,4.15,1.68
20,538,53800,car,969.691,1005.037,-4.955,-0.207,-3.1,4.15,1.68
20,539,53900,car,969.195,1005.016,-4.928,-0.21,-3.099,4.15,1.68
20,540,54000,car,968.702,1004.994,-4.91,-0.211,-3.099,4.15,1.68
20,541,54100,car,968.211,1004.973,-4.901,-0.211,-3.099,4.15,1.68
20,542,54200,car,967.721,1004.952,-4.899,-0.21,-3.099,4.15,1.68
20,543,54300,car,967.231,1004.932,-4.903,-0.208,-3.099,4.15,1.68
20,544,54400,car,966.741,1004.912,-4.91,-0.206,-3.1,4.15,1.68
20,545,54500,car,966.25,1004.892,-4.921,-0.203,-3.1,4.15,1.68
20,546,54600,car,965.758,1004.873,-4.932,-0.199,-3.101,4.15,1.68
20,547,54700,car,965.264,1004.854,-4.944,-0.195,-3.102,4.15,1.68
20,548,54800,car,964.77,1004.836,-4.955,-0.191,-3.103,4.15,1.68
20,549,54900,car,964.274,1004.818,-4.964,-0.186,-3.104,4.15,1.68
20,550,55000,car,963.778,1004.8,-4.971,-0.182,-3.105,4.15,1.68
20,551,55100,car,963.281,1004.783,-4.975,-0.177,-3.106,4.15,1.68
20,552,55200,car,962.783,1004.767,-4.978,-0.172,-3.107,4.15,1.68
20,553,55300,car,962.285,1004.751,-4.979,-0.167,-3.108,4.15,1.68
20,554,55400,car,961.787,1004.735,-4.979,-0.162,-3.109,4.15,1.68
20,555,55500,car,961.29,1004.72,-4.978,-0.157,-3.11,4.15,1.68
20,556,55600,car,960.792,1004.706,-4.979,-0.153,-3.111,4.15,1.68
20,557,55700,car,960.294,1004.692,-4.981,-0.148,-3.112,4.15,1.68
20,558,55800,car,959.796,1004.678,-4.985,-0.144,-3.113,4.15,1.68
20,559,55900,car,959.297,1004.665,-4.991,-0.139,-3.114,4.15,1.68
20,560,56000,car,958.798,1004.652,-5.001,-0.135,-3.115,4.15,1.68
20,561,56100,car,958.298,1004.639,-5.013,-0.131,-3.116,4.15,1.68
20,562,56200,car,957.796,1004.628,-5.028,-0.127,-3.116,4.15,1.68
20,563,56300,car,957.294,1004.616,-5.045,-0.122,-3.117,4.15,1.68
20,564,56400,car,956.789,1004.605,-5.063,-0.118,-3.118,4.15,1.68
20,565,56500,car,956.283,1004.594,-5.082,-0.114,-3.119,4.15,1.68
20,566,56600,car,955.775,1004.584,-5.1,-0.109,-3.12,4.15,1.68
20,567,56700,car,955.265,1004.574,-5.118,-0.105,-3.121,4.15,1.68
20,568,56800,car,954.753,1004.565,-5.134,-0.1,-3.122,4.15,1.68
20,569,56900,car,954.239,1004.556,-5.149,-0.095,-3.123,4.15,1.68
20,570,57000,car,953.724,1004.548,-5.161,-0.09,-3.124,4.15,1.68
20,571,57100,car,953.208,1004.54,-5.172,-0.085,-3.125,4.15,1.68
20,572,57200,car,952.691,1004.533,-5.182,-0.079,-3.126,4.15,1.68
20,573,57300,car,952.173,1004.527,-5.191,-0.073,-3.128,4.15,1.68
20,574,57400,car,951.654,1004.521,-5.199,-0.067,-3.129,4.15,1.68
20,575,57500,car,951.134,1004.516,-5.207,-0.06,-3.13,4.15,1.68
20,576,57600,car,950.613,1004.511,-5.216,-0.054,-3.131,4.15,1.68
20,577,57700,car,950.091,1004.507,-5.224,-0.047,-3.133,4.15,1.68
20,578,57800,car,949.569,1004.504,-5.233,-0.041,-3.134,4.15,1.68
20,579,57900,car,949.046,1004.502,-5.243,-0.034,-3.135,4.15,1.68
20,580,58000,car,948.521,1004.5,-5.252,-0.027,-3.136,4.15,1.68
20,581,58100,car,947.996,1004.499,-5.26,-0.021,-3.138,4.15,1.68
20,582,58200,car,947.47,1004.498,-5.267,-0.015,-3.139,4.15,1.68
20,583,58300,car,946.943,1004.498,-5.273,-0.008,-3.14,4.15,1.68
20,584,58400,car,946.416,1004.499,-5.278,-0.002,-3.141,4.15,1.68
20,585,58500,car,945.888,1004.5,-5.281,0.004,3.141,4.15,1.68
20,586,58600,car,945.36,1004.502,-5.282,0.009,3.14,4.15,1.68
20,587,58700,car,944.832,1004.504,-5.282,0.015,3.139,4.15,1.68
20,588,58800,car,944.304,1004.507,-5.281,0.02,3.138,4.15,1.68
20,589,58900,car,943.776,1004.51,-5.279,0.026,3.137,4.15,1.68
20,590,59000,car,943.248,1004.514,-5.276,0.032,3.136,4.15,1.68
20,591,59100,car,942.72,1004.518,-5.273,0.038,3.134,4.15,1.68
20,592,59200,car,942.193,1004.524,-5.269,0.044,3.133,4.15,1.68
20,593,59300,car,941.666,1004.53,-5.266,0.051,3.132,4.15,1.68
20,594,59400,car,941.14,1004.536,-5.264,0.058,3.131,4.15,1.68
20,595,59500,car,940.613,1004.544,-5.263,0.065,3.129,4.15,1.68
20,596,59600,car,940.087,1004.552,-5.263,0.074,3.128,4.15,1.68
20,597,59700,car,939.561,1004.562,-5.264,0.082,3.126,4.15,1.68
20,598,59800,car,939.034,1004.572,-5.266,0.092,3.124,4.15,1.68
20,599,59900,car,938.508,1004.584,-5.27,0.102,3.122,4.15,1.68
20,600,60000,car,937.981,1004.596,-5.275,0.112,3.12,4.15,1.68
20,601,60100,car,937.453,1004.61,-5.282,0.123,3.118,4.15,1.68
20,602,60200,car,936.925,1004.625,-5.29,0.135,3.116,4.15,1.68
20,603,60300,car,936.396,1004.641,-5.299,0.146,3.114,4.15,1.68
20,604,60400,car,935.866,1004.658,-5.31,0.158,3.112,4.15,1.68
20,605,60500,car,935.335,1004.677,-5.324,0.171,3.11,4.15,1.68
20,606,60600,car,934.803,1004.697,-5.341,0.183,3.107,4.15,1.68
20,607,60700,car,934.269,1004.718,-5.361,0.196,3.105,4.15,1.68
20,608,60800,car,933.733,1004.74,-5.385,0.208,3.103,4.15,1.68
20,609,60900,car,933.195,1004.764,-5.413,0.221,3.101,4.15,1.68
20,610,61000,car,932.654,1004.788,-5.447,0.235,3.099,4.15,1.68
20,611,61100,car,932.109,1004.815,-5.485,0.248,3.096,4.15,1.68
20,612,61200,car,931.561,1004.842,-5.528,0.262,3.094,4.15,1.68
20,613,61300,car,931.008,1004.871,-5.574,0.276,3.092,4.15,1.68
20,614,61400,car,930.451,1004.901,-5.623,0.291,3.09,4.15,1.68
20,615,61500,car,929.889,1004.933,-5.673,0.306,3.088,4.15,1.68
20,616,61600,car,929.322,1004.966,-5.723,0.322,3.085,4.15,1.68
20,617,61700,car,928.749,1005.001,-5.771,0.338,3.083,4.15,1.68
20,618,61800,car,928.173,1005.038,-5.816,0.354,3.081,4.15,1.68
20,619,61900,car,927.591,1005.077,-5.857,0.372,3.078,4.15,1.68
20,620,62000,car,927.006,1005.117,-5.893,0.389,3.076,4.15,1.68
20,621,62100,car,926.417,1005.159,-5.924,0.406,3.073,4.15,1.68
20,622,62200,car,925.825,1005.203,-5.95,0.424,3.07,4.15,1.68
20,623,62300,car,925.23,1005.248,-5.972,0.441,3.068,4.15,1.68
20,624,62400,car,924.633,1005.296,-5.989,0.458,3.065,4.15,1.68
20,625,62500,car,924.034,1005.344,-6.003,0.474,3.063,4.15,1.68
20,626,62600,car,923.434,1005.394,-6.015,0.488,3.061,4.15,1.68
20,627,62700,car,922.833,1005.446,-6.027,0.502,3.058,4.15,1.68
20,628,62800,car,922.23,1005.498,-6.039,0.515,3.057,4.15,1.68
20,629,62900,car,921.626,1005.552,-6.053,0.526,3.055,4.15,1.68
20,630,63000,car,921.021,1005.606,-6.071,0.535,3.054,4.15,1.68
20,631,63100,car,920.414,1005.661,-6.092,0.543,3.053,4.15,1.68
20,632,63200,car,919.805,1005.716,-6.118,0.55,3.052,4.15,1.68
20,633,63300,car,919.193,1005.771,-6.148,0.555,3.052,4.15,1.68
20,634,63400,car,918.578,1005.827,-6.182,0.559,3.051,4.15,1.68
20,635,63500,car,917.96,1005.883,-6.218,0.561,3.052,4.15,1.68
20,636,63600,car,917.338,1005.939,-6.256,0.563,3.052,4.15,1.68
20,637,63700,car,916.713,1005.995,-6.294,0.563,3.052,4.15,1.68
20,638,63800,car,916.083,1006.05,-6.329,0.563,3.053,4.15,1.68
20,639,63900,car,915.45,1006.106,-6.36,0.561,3.054,4.15,1.68
20,640,64000,car,914.814,1006.161,-6.387,0.559,3.054,4.15,1.68
20,641,64100,car,914.175,1006.216,-6.408,0.557,3.055,4.15,1.68
20,642,64200,car,913.534,1006.271,-6.422,0.554,3.056,4.15,1.68
20,643,64300,car,912.892,1006.326,-6.431,0.551,3.056,4.15,1.68
20,644,64400,car,912.249,1006.38,-6.434,0.547,3.057,4.15,1.68
20,645,64500,car,911.606,1006.434,-6.433,0.544,3.057,4.15,1.68
20,646,64600,car,910.962,1006.488,-6.43,0.541,3.058,4.15,1.68
20,647,64700,car,910.319,1006.541,-6.426,0.537,3.058,4.15,1.68
20,648,64800,car,909.676,1006.595,-6.423,0.534,3.059,4.15,1.68
20,649,64900,car,909.034,1006.648,-6.424,0.531,3.059,4.15,1.68
20,650,65000,car,908.392,1006.7,-6.43,0.529,3.06,4.15,1.68
20,651,65100,car,907.749,1006.752,-6.442,0.527,3.06,4.15,1.68
20,652,65200,car,907.104,1006.804,-6.463,0.525,3.061,4.15,1.68
20,653,65300,car,906.458,1006.856,-6.492,0.523,3.061,4.15,1.68
20,654,65400,car,905.809,1006.908,-6.529,0.522,3.062,4.15,1.68
20,655,65500,car,905.156,1006.959,-6.575,0.521,3.062,4.15,1.68
20,656,65600,car,904.498,1007.01,-6.628,0.521,3.063,4.15,1.68
20,657,65700,car,903.835,1007.062,-6.687,0.522,3.064,4.15,1.68
20,658,65800,car,903.167,1007.113,-6.75,0.522,3.064,4.15,1.68
20,659,65900,car,902.492,1007.165,-6.815,0.523,3.065,4.15,1.68
20,660,66000,car,901.81,1007.216,-6.879,0.524,3.066,4.15,1.68
20,661,66100,car,901.122,1007.268,-6.941,0.526,3.066,4.15,1.68
20,662,66200,car,900.428,1007.32,-7,0.527,3.066,4.15,1.68
20,663,66300,car,899.728,1007.373,-7.052,0.529,3.067,4.15,1.68
20,664,66400,car,899.023,1007.425,-7.097,0.53,3.067,4.15,1.68
20,665,66500,car,898.313,1007.478,-7.133,0.531,3.067,4.15,1.68
20,666,66600,car,897.6,1007.531,-7.161,0.532,3.067,4.15,1.68
20,667,66700,car,896.884,1007.584,-7.179,0.532,3.068,4.15,1.68
20,668,66800,car,896.166,1007.637,-7.19,0.532,3.068,4.15,1.68
20,669,66900,car,895.447,1007.69,-7.194,0.531,3.068,4.15,1.68
20,670,67000,car,894.727,1007.743,-7.194,0.531,3.068,4.15,1.68
21,580,58000,car,1011.527,1011.698,-1.396,-3.947,-1.911,2.9,1.6
21,581,58100,car,1011.36,1011.312,-1.491,-3.924,-1.934,2.9,1.6
21,582,58200,car,1011.181,1010.929,-1.599,-3.901,-1.96,2.9,1.6
21,583,58300,car,1010.989,1010.549,-1.72,-3.881,-1.988,2.9,1.6
21,584,58400,car,1010.782,1010.173,-1.855,-3.864,-2.018,2.9,1.6
21,585,58500,car,1010.56,1009.801,-2.006,-3.851,-2.051,2.9,1.6
21,586,58600,car,1010.32,1009.432,-2.176,-3.84,-2.086,2.9,1.6
21,587,58700,car,1010.061,1009.066,-2.364,-3.83,-2.124,2.9,1.6
21,588,58800,car,1009.783,1008.703,-2.572,-3.819,-2.164,2.9,1.6
21,589,58900,car,1009.482,1008.345,-2.801,-3.802,-2.206,2.9,1.6
21,590,59000,car,1009.158,1007.992,-3.047,-3.774,-2.25,2.9,1.6
21,591,59100,car,1008.809,1007.647,-3.308,-3.725,-2.297,2.9,1.6
21,592,59200,car,1008.434,1007.311,-3.577,-3.65,-2.346,2.9,1.6
21,593,59300,car,1008.034,1006.989,-3.846,-3.543,-2.397,2.9,1.6
21,594,59400,car,1007.608,1006.682,-4.108,-3.402,-2.45,2.9,1.6
21,595,59500,car,1007.158,1006.394,-4.355,-3.227,-2.504,2.9,1.6
21,596,59600,car,1006.687,1006.127,-4.582,-3.024,-2.558,2.9,1.6
21,597,59700,car,1006.195,1005.882,-4.785,-2.799,-2.612,2.9,1.6
21,598,59800,car,1005.687,1005.661,-4.963,-2.558,-2.666,2.9,1.6
21,599,59900,car,1005.164,1005.464,-5.118,-2.308,-2.718,2.9,1.6
21,600,60000,car,1004.63,1005.291,-5.251,-2.056,-2.768,2.9,1.6
21,601,60100,car,1004.085,1005.143,-5.366,-1.804,-2.817,2.9,1.6
21,602,60200,car,1003.533,1005.018,-5.466,-1.558,-2.864,2.9,1.6
21,603,60300,car,1002.973,1004.915,-5.553,-1.32,-2.908,2.9,1.6
21,604,60400,car,1002.407,1004.834,-5.632,-1.092,-2.95,2.9,1.6
21,605,60500,car,1001.836,1004.772,-5.706,-0.876,-2.989,2.9,1.6
21,606,60600,car,1001.259,1004.729,-5.777,-0.674,-3.025,2.9,1.6
21,607,60700,car,1000.677,1004.703,-5.849,-0.486,-3.059,2.9,1.6
21,608,60800,car,1000.088,1004.692,-5.923,-0.312,-3.089,2.9,1.6
21,609,60900,car,999.493,1004.695,-6.003,-0.153,-3.116,2.9,1.6
21,610,61000,car,998.89,1004.71,-6.091,-0.01,-3.14,2.9,1.6
21,611,61100,car,998.279,1004.736,-6.186,0.118,3.123,2.9,1.6
21,612,61200,car,997.658,1004.771,-6.292,0.23,3.105,2.9,1.6
21,613,61300,car,997.027,1004.813,-6.409,0.327,3.091,2.9,1.6
21,614,61400,car,996.383,1004.863,-6.538,0.409,3.079,2.9,1.6
21,615,61500,car,995.727,1004.917,-6.678,0.475,3.071,2.9,1.6
21,616,61600,car,995.057,1004.974,-6.829,0.527,3.065,2.9,1.6
21,617,61700,car,994.372,1005.034,-6.992,0.564,3.061,2.9,1.6
21,618,61800,car,993.671,1005.094,-7.164,0.587,3.06,2.9,1.6
21,619,61900,car,992.953,1005.155,-7.345,0.597,3.06,2.9,1.6
21,620,62000,car,992.218,1005.214,-7.531,0.595,3.063,2.9,1.6
21,621,62100,car,991.463,1005.271,-7.723,0.582,3.066,2.9,1.6
21,622,62200,car,990.69,1005.325,-7.918,0.559,3.071,2.9,1.6
21,623,62300,car,989.898,1005.375,-8.115,0.527,3.077,2.9,1.6
21,624,62400,car,989.086,1005.421,-8.312,0.489,3.083,2.9,1.6
21,625,62500,car,988.254,1005.462,-8.507,0.446,3.089,2.9,1.6
21,626,62600,car,987.403,1005.499,-8.7,0.398,3.096,2.9,1.6
21,627,62700,car,986.532,1005.531,-8.888,0.348,3.102,2.9,1.6
21,628,62800,car,985.643,1005.558,-9.07,0.296,3.109,2.9,1.6
21,629,62900,car,984.736,1005.58,-9.244,0.244,3.115,2.9,1.6
21,630,63000,car,983.812,1005.597,-9.408,0.192,3.121,2.9,1.6
21,631,63100,car,982.871,1005.609,-9.559,0.141,3.127,2.9,1.6
21,632,63200,car,981.915,1005.616,-9.697,0.091,3.132,2.9,1.6
21,633,63300,car,980.945,1005.619,-9.82,0.044,3.137,2.9,1.6
21,634,63400,car,979.963,1005.618,-9.926,-0.001,-3.142,2.9,1.6
21,635,63500,car,978.97,1005.612,-10.016,-0.042,-3.137,2.9,1.6
21,636,63600,car,977.969,1005.603,-10.087,-0.081,-3.134,2.9,1.6
21,637,63700,car,976.96,1005.591,-10.141,-0.115,-3.13,2.9,1.6
21,638,63800,car,975.946,1005.576,-10.178,-0.145,-3.127,2.9,1.6
21,639,63900,car,974.928,1005.558,-10.197,-0.171,-3.125,2.9,1.6
21,640,64000,car,973.908,1005.539,-10.201,-0.192,-3.123,2.9,1.6
21,641,64100,car,972.888,1005.517,-10.189,-0.209,-3.121,2.9,1.6
21,642,64200,car,971.869,1005.495,-10.164,-0.222,-3.12,2.9,1.6
21,643,64300,car,970.853,1005.471,-10.128,-0.23,-3.119,2.9,1.6
21,644,64400,car,969.84,1005.448,-10.081,-0.235,-3.118,2.9,1.6
21,645,64500,car,968.832,1005.424,-10.026,-0.236,-3.118,2.9,1.6
21,646,64600,car,967.829,1005.401,-9.965,-0.234,-3.118,2.9,1.6
21,647,64700,car,966.833,1005.378,-9.899,-0.229,-3.118,2.9,1.6
21,648,64800,car,965.843,1005.355,-9.83,-0.223,-3.119,2.9,1.6
21,649,64900,car,964.86,1005.334,-9.758,-0.215,-3.12,2.9,1.6
21,650,65000,car,963.884,1005.314,-9.686,-0.205,-3.12,2.9,1.6
21,651,65100,car,962.915,1005.294,-9.613,-0.195,-3.121,2.9,1.6
21,652,65200,car,961.954,1005.276,-9.54,-0.184,-3.122,2.9,1.6
21,653,65300,car,961,1005.259,-9.467,-0.174,-3.123,2.9,1.6
21,654,65400,car,960.053,1005.242,-9.395,-0.163,-3.124,2.9,1.6
21,655,65500,car,959.114,1005.227,-9.324,-0.153,-3.125,2.9,1.6
21,656,65600,car,958.181,1005.213,-9.253,-0.143,-3.126,2.9,1.6
21,657,65700,car,957.256,1005.2,-9.184,-0.134,-3.127,2.9,1.6
21,658,65800,car,956.338,1005.188,-9.117,-0.126,-3.128,2.9,1.6
21,659,65900,car,955.426,1005.176,-9.051,-0.118,-3.129,2.9,1.6
21,660,66000,car,954.521,1005.165,-8.988,-0.111,-3.129,2.9,1.6
21,661,66100,car,953.622,1005.154,-8.928,-0.105,-3.13,2.9,1.6
21,662,66200,car,952.729,1005.145,-8.872,-0.099,-3.13,2.9,1.6
21,663,66300,car,951.842,1005.135,-8.819,-0.094,-3.131,2.9,1.6
21,664,66400,car,950.96,1005.127,-8.77,-0.089,-3.131,2.9,1.6
21,665,66500,car,950.083,1005.118,-8.726,-0.085,-3.132,2.9,1.6
21,666,66600,car,949.21,1005.11,-8.688,-0.081,-3.132,2.9,1.6
21,667,66700,car,948.342,1005.103,-8.655,-0.076,-3.133,2.9,1.6
21,668,66800,car,947.476,1005.096,-8.629,-0.072,-3.133,2.9,1.6
21,669,66900,car,946.613,1005.089,-8.609,-0.067,-3.134,2.9,1.6
21,670,67000,car,945.752,1005.083,-8.596,-0.061,-3.135,2.9,1.6
21,671,67100,car,944.893,1005.078,-8.589,-0.053,-3.135,2.9,1.6
21,672,67200,car,944.034,1005.074,-8.587,-0.043,-3.137,2.9,1.6
21,673,67300,car,943.175,1005.072,-8.591,-0.032,-3.138,2.9,1.6
21,674,67400,car,942.316,1005.071,-8.6,-0.018,-3.14,2.9,1.6
21,675,67500,car,941.456,1005.071,-8.613,-0.001,-3.142,2.9,1.6
21,676,67600,car,940.595,1005.074,-8.631,0.019,3.139,2.9,1.6
21,677,67700,car,939.732,1005.079,-8.654,0.041,3.137,2.9,1.6
21,678,67800,car,938.866,1005.087,-8.68,0.066,3.134,2.9,1.6
21,679,67900,car,937.998,1005.097,-8.709,0.092,3.131,2.9,1.6
21,680,68000,car,937.127,1005.11,-8.742,0.12,3.128,2.9,1.6
21,681,68100,car,936.253,1005.126,-8.776,0.149,3.125,2.9,1.6
21,682,68200,car,935.376,1005.145,-8.811,0.179,3.121,2.9,1.6
21,683,68300,car,934.495,1005.167,-8.845,0.209,3.118,2.9,1.6
21,684,68400,car,933.61,1005.192,-8.878,0.238,3.115,2.9,1.6
21,685,68500,car,932.723,1005.219,-8.906,0.268,3.112,2.9,1.6
21,686,68600,car,931.832,1005.25,-8.93,0.296,3.108,2.9,1.6
21,687,68700,car,930.939,1005.284,-8.946,0.325,3.105,2.9,1.6
21,688,68800,car,930.045,1005.32,-8.955,0.353,3.102,2.9,1.6
21,689,68900,car,929.15,1005.359,-8.955,0.381,3.099,2.9,1.6
21,690,69000,car,928.254,1005.401,-8.947,0.409,3.096,2.9,1.6
21,691,69100,car,927.36,1005.446,-8.93,0.437,3.093,2.9,1.6
21,692,69200,car,926.467,1005.493,-8.905,0.465,3.089,2.9,1.6
21,693,69300,car,925.577,1005.544,-8.873,0.494,3.086,2.9,1.6
21,694,69400,car,924.69,1005.598,-8.834,0.522,3.083,2.9,1.6
21,695,69500,car,923.806,1005.654,-8.791,0.551,3.079,2.9,1.6
21,696,69600,car,922.928,1005.714,-8.745,0.579,3.075,2.9,1.6
21,697,69700,car,922.053,1005.776,-8.697,0.606,3.072,2.9,1.6
21,698,69800,car,921.184,1005.841,-8.648,0.632,3.069,2.9,1.6
21,699,69900,car,920.319,1005.908,-8.599,0.656,3.065,2.9,1.6
21,700,70000,car,919.46,1005.977,-8.55,0.677,3.063,2.9,1.6
21,701,70100,car,918.605,1006.048,-8.502,0.696,3.06,2.9,1.6
21,702,70200,car,917.755,1006.12,-8.454,0.711,3.058,2.9,1.6
21,703,70300,car,916.91,1006.194,-8.407,0.723,3.056,2.9,1.6
21,704,70400,car,916.069,1006.268,-8.36,0.731,3.054,2.9,1.6
21,705,70500,car,915.233,1006.342,-8.313,0.736,3.053,2.9,1.6
21,706,70600,car,914.402,1006.417,-8.266,0.738,3.053,2.9,1.6
21,707,70700,car,913.576,1006.491,-8.22,0.736,3.052,2.9,1.6
21,708,70800,car,912.753,1006.564,-8.176,0.732,3.052,2.9,1.6
21,709,70900,car,911.936,1006.637,-8.133,0.726,3.053,2.9,1.6
21,710,71000,car,911.122,1006.709,-8.094,0.718,3.053,2.9,1.6
21,711,71100,car,910.313,1006.78,-8.06,0.709,3.054,2.9,1.6
21,712,71200,car,909.507,1006.85,-8.032,0.7,3.055,2.9,1.6
21,713,71300,car,908.703,1006.919,-8.012,0.691,3.056,2.9,1.6
21,714,71400,car,907.902,1006.987,-8.002,0.682,3.057,2.9,1.6
21,715,71500,car,907.102,1007.054,-8.001,0.674,3.058,2.9,1.6
21,716,71600,car,906.302,1007.12,-8.01,0.667,3.059,2.9,1.6
21,717,71700,car,905.501,1007.185,-8.028,0.66,3.06,2.9,1.6
21,718,71800,car,904.698,1007.25,-8.056,0.654,3.061,2.9,1.6
21,719,71900,car,903.892,1007.314,-8.09,0.649,3.062,2.9,1.6
21,720,72000,car,903.083,1007.378,-8.129,0.644,3.063,2.9,1.6
21,721,72100,car,902.27,1007.441,-8.17,0.639,3.064,2.9,1.6
21,722,72200,car,901.453,1007.504,-8.212,0.634,3.064,2.9,1.6
21,723,72300,car,900.632,1007.566,-8.251,0.63,3.065,2.9,1.6
21,724,72400,car,899.806,1007.628,-8.287,0.624,3.066,2.9,1.6
21,725,72500,car,898.978,1007.689,-8.316,0.619,3.067,2.9,1.6
21,726,72600,car,898.146,1007.75,-8.339,0.613,3.068,2.9,1.6
21,727,72700,car,897.312,1007.81,-8.354,0.607,3.069,2.9,1.6
21,728,72800,car,896.477,1007.87,-8.363,0.6,3.07,2.9,1.6
21,729,72900,car,895.64,1007.929,-8.367,0.593,3.071,2.9,1.6
21,730,73000,car,894.803,1007.987,-8.367,0.585,3.072,2.9,1.6
22,603,60300,car,1011.446,1011.939,-2.108,-3.697,-2.089,4,1.71
22,604,60400,car,1011.216,1011.58,-2.184,-3.675,-2.107,4,1.71
22,605,60500,car,1010.977,1011.225,-2.275,-3.662,-2.127,4,1.71
22,606,60600,car,1010.726,1010.872,-2.384,-3.656,-2.149,4,1.71
22,607,60700,car,1010.463,1010.521,-2.509,-3.655,-2.172,4,1.71
22,608,60800,car,1010.186,1010.172,-2.65,-3.656,-2.198,4,1.71
22,609,60900,car,1009.894,1009.825,-2.807,-3.654,-2.226,4,1.71
22,610,61000,car,1009.584,1009.479,-2.979,-3.648,-2.256,4,1.71
22,611,61100,car,1009.255,1009.136,-3.166,-3.634,-2.287,4,1.71
22,612,61200,car,1008.907,1008.797,-3.367,-3.609,-2.322,4,1.71
22,613,61300,car,1008.537,1008.463,-3.582,-3.571,-2.358,4,1.71
22,614,61400,car,1008.146,1008.136,-3.808,-3.516,-2.396,4,1.71
22,615,61500,car,1007.732,1007.818,-4.042,-3.441,-2.436,4,1.71
22,616,61600,car,1007.296,1007.511,-4.279,-3.345,-2.478,4,1.71
22,617,61700,car,1006.837,1007.217,-4.515,-3.226,-2.521,4,1.71
22,618,61800,car,1006.357,1006.939,-4.745,-3.084,-2.565,4,1.71
22,619,61900,car,1005.855,1006.676,-4.963,-2.922,-2.61,4,1.71
22,620,62000,car,1005.333,1006.432,-5.166,-2.742,-2.654,4,1.71
22,621,62100,car,1004.794,1006.206,-5.351,-2.549,-2.697,4,1.71
22,622,62200,car,1004.238,1005.999,-5.516,-2.346,-2.739,4,1.71
22,623,62300,car,1003.669,1005.811,-5.661,-2.139,-2.78,4,1.71
22,624,62400,car,1003.087,1005.643,-5.785,-1.932,-2.819,4,1.71
22,625,62500,car,1002.495,1005.494,-5.889,-1.728,-2.856,4,1.71
22,626,62600,car,1001.894,1005.363,-5.976,-1.53,-2.891,4,1.71
22,627,62700,car,1001.287,1005.249,-6.046,-1.341,-2.923,4,1.71
22,628,62800,car,1000.674,1005.151,-6.103,-1.162,-2.953,4,1.71
22,629,62900,car,1000.057,1005.069,-6.149,-0.995,-2.981,4,1.71
22,630,63000,car,999.436,1005,-6.188,-0.841,-3.006,4,1.71
22,631,63100,car,998.813,1004.945,-6.224,-0.699,-3.03,4,1.71
22,632,63200,car,998.187,1004.901,-6.257,-0.57,-3.051,4,1.71
22,633,63300,car,997.558,1004.867,-6.293,-0.452,-3.07,4,1.71
22,634,63400,car,996.927,1004.844,-6.332,-0.345,-3.087,4,1.71
22,635,63500,car,996.292,1004.829,-6.377,-0.247,-3.103,4,1.71
22,636,63600,car,995.653,1004.821,-6.429,-0.159,-3.117,4,1.71
22,637,63700,car,995.009,1004.821,-6.488,-0.079,-3.129,4,1.71
22,638,63800,car,994.359,1004.827,-6.555,-0.007,-3.14,4,1.71
22,639,63900,car,993.703,1004.839,-6.63,0.058,3.133,4,1.71
22,640,64000,car,993.04,1004.856,-6.712,0.117,3.124,4,1.71
22,641,64100,car,992.368,1004.878,-6.799,0.169,3.117,4,1.71
22,642,64200,car,991.688,1004.903,-6.891,0.216,3.11,4,1.71
22,643,64300,car,990.999,1004.932,-6.986,0.257,3.105,4,1.71
22,644,64400,car,990.3,1004.963,-7.083,0.292,3.1,4,1.71
22,645,64500,car,989.592,1004.998,-7.18,0.322,3.097,4,1.71
22,646,64600,car,988.874,1005.034,-7.277,0.347,3.094,4,1.71
22,647,64700,car,988.146,1005.072,-7.372,0.367,3.092,4,1.71
22,648,64800,car,987.409,1005.11,-7.464,0.382,3.09,4,1.71
22,649,64900,car,986.663,1005.15,-7.554,0.393,3.09,4,1.71
22,650,65000,car,985.907,1005.19,-7.64,0.398,3.089,4,1.71
22,651,65100,car,985.143,1005.229,-7.721,0.399,3.09,4,1.71
22,652,65200,car,984.371,1005.268,-7.799,0.395,3.091,4,1.71
22,653,65300,car,983.591,1005.306,-7.872,0.387,3.093,4,1.71
22,654,65400,car,982.803,1005.342,-7.941,0.373,3.095,4,1.71
22,655,65500,car,982.009,1005.376,-8.007,0.354,3.097,4,1.71
22,656,65600,car,981.208,1005.407,-8.068,0.33,3.101,4,1.71
22,657,65700,car,980.401,1005.436,-8.127,0.301,3.105,4,1.71
22,658,65800,car,979.588,1005.461,-8.184,0.268,3.109,4,1.71
22,659,65900,car,978.77,1005.482,-8.238,0.23,3.114,4,1.71
22,660,66000,car,977.946,1005.498,-8.291,0.188,3.119,4,1.71
22,661,66100,car,977.116,1005.51,-8.344,0.142,3.125,4,1.71
22,662,66200,car,976.282,1005.517,-8.396,0.094,3.13,4,1.71
22,663,66300,car,975.442,1005.519,-8.448,0.044,3.136,4,1.71
22,664,66400,car,974.598,1005.516,-8.5,-0.007,-3.141,4,1.71
22,665,66500,car,973.748,1005.509,-8.554,-0.057,-3.135,4,1.71
22,666,66600,car,972.892,1005.496,-8.608,-0.106,-3.129,4,1.71
22,667,66700,car,972.032,1005.479,-8.662,-0.152,-3.124,4,1.71
22,668,66800,car,971.165,1005.458,-8.717,-0.195,-3.119,4,1.71
22,669,66900,car,970.294,1005.433,-8.771,-0.234,-3.115,4,1.71
22,670,67000,car,969.417,1005.405,-8.823,-0.267,-3.111,4,1.71
22,671,67100,car,968.535,1005.375,-8.873,-0.295,-3.108,4,1.71
22,672,67200,car,967.648,1005.342,-8.92,-0.316,-3.106,4,1.71
22,673,67300,car,966.756,1005.309,-8.963,-0.331,-3.105,4,1.71
22,674,67400,car,965.859,1005.274,-9.001,-0.34,-3.104,4,1.71
22,675,67500,car,964.959,1005.24,-9.035,-0.343,-3.104,4,1.71
22,676,67600,car,964.055,1005.206,-9.063,-0.34,-3.104,4,1.71
22,677,67700,car,963.149,1005.173,-9.086,-0.334,-3.105,4,1.71
22,678,67800,car,962.24,1005.141,-9.105,-0.324,-3.106,4,1.71
22,679,67900,car,961.33,1005.111,-9.119,-0.311,-3.107,4,1.71
22,680,68000,car,960.418,1005.081,-9.13,-0.298,-3.109,4,1.71
22,681,68100,car,959.505,1005.053,-9.138,-0.284,-3.111,4,1.71
22,682,68200,car,958.591,1005.027,-9.143,-0.271,-3.112,4,1.71
22,683,68300,car,957.676,1005.001,-9.147,-0.259,-3.113,4,1.71
22,684,68400,car,956.762,1004.977,-9.15,-0.249,-3.114,4,1.71
22,685,68500,car,955.847,1004.953,-9.153,-0.241,-3.115,4,1.71
22,686,68600,car,954.931,1004.93,-9.157,-0.234,-3.116,4,1.71
22,687,68700,car,954.016,1004.907,-9.162,-0.23,-3.117,4,1.71
22,688,68800,car,953.099,1004.884,-9.169,-0.226,-3.117,4,1.71
22,689,68900,car,952.182,1004.862,-9.179,-0.222,-3.117,4,1.71
22,690,69000,car,951.264,1004.841,-9.19,-0.218,-3.118,4,1.71
22,691,69100,car,950.345,1004.82,-9.204,-0.213,-3.118,4,1.71
22,692,69200,car,949.425,1004.799,-9.219,-0.205,-3.119,4,1.71
22,693,69300,car,948.503,1004.78,-9.236,-0.195,-3.12,4,1.71
22,694,69400,car,947.579,1004.763,-9.253,-0.182,-3.122,4,1.71
22,695,69500,car,946.654,1004.747,-9.269,-0.164,-3.124,4,1.71
22,696,69600,car,945.727,1004.733,-9.284,-0.142,-3.126,4,1.71
22,697,69700,car,944.799,1004.723,-9.297,-0.116,-3.129,4,1.71
22,698,69800,car,943.869,1004.715,-9.306,-0.084,-3.133,4,1.71
22,699,69900,car,942.938,1004.712,-9.312,-0.048,-3.136,4,1.71
22,700,70000,car,942.007,1004.712,-9.315,-0.008,-3.141,4,1.71
22,701,70100,car,941.075,1004.717,-9.314,0.035,3.138,4,1.71
22,702,70200,car,940.144,1004.726,-9.31,0.081,3.133,4,1.71
22,703,70300,car,939.213,1004.741,-9.303,0.129,3.128,4,1.71
22,704,70400,car,938.283,1004.76,-9.295,0.178,3.122,4,1.71
22,705,70500,car,937.353,1004.785,-9.285,0.228,3.117,4,1.71
22,706,70600,car,936.425,1004.814,-9.274,0.277,3.112,4,1.71
22,707,70700,car,935.498,1004.848,-9.264,0.325,3.107,4,1.71
22,708,70800,car,934.572,1004.887,-9.253,0.371,3.101,4,1.71
22,709,70900,car,933.647,1004.93,-9.242,0.415,3.097,4,1.71
22,710,71000,car,932.723,1004.977,-9.23,0.457,3.092,4,1.71
22,711,71100,car,931.8,1005.028,-9.219,0.496,3.088,4,1.71
22,712,71200,car,930.878,1005.083,-9.206,0.532,3.084,4,1.71
22,713,71300,car,929.958,1005.14,-9.191,0.566,3.08,4,1.71
22,714,71400,car,929.039,1005.201,-9.175,0.597,3.077,4,1.71
22,715,71500,car,928.122,1005.265,-9.156,0.625,3.073,4,1.71
22,716,71600,car,927.207,1005.331,-9.134,0.651,3.07,4,1.71
22,717,71700,car,926.294,1005.4,-9.11,0.674,3.068,4,1.71
22,718,71800,car,925.383,1005.47,-9.084,0.696,3.065,4,1.71
22,719,71900,car,924.475,1005.543,-9.056,0.716,3.063,4,1.71
22,720,72000,car,923.569,1005.617,-9.028,0.733,3.061,4,1.71
22,721,72100,car,922.667,1005.693,-8.999,0.749,3.059,4,1.71
22,722,72200,car,921.767,1005.77,-8.97,0.764,3.057,4,1.71
22,723,72300,car,920.87,1005.848,-8.944,0.776,3.055,4,1.71
22,724,72400,car,919.976,1005.928,-8.92,0.787,3.054,4,1.71
22,725,72500,car,919.084,1006.008,-8.899,0.797,3.052,4,1.71
22,726,72600,car,918.194,1006.089,-8.882,0.804,3.051,4,1.71
22,727,72700,car,917.306,1006.17,-8.868,0.81,3.05,4,1.71
22,728,72800,car,916.419,1006.252,-8.859,0.815,3.05,4,1.71
22,729,72900,car,915.534,1006.334,-8.854,0.817,3.05,4,1.71
22,730,73000,car,914.648,1006.416,-8.853,0.818,3.049,4,1.71
22,731,73100,car,913.763,1006.497,-8.854,0.817,3.05,4,1.71
22,732,73200,car,912.877,1006.578,-8.86,0.814,3.05,4,1.71
22,733,73300,car,911.991,1006.659,-8.869,0.809,3.051,4,1.71
22,734,73400,car,911.104,1006.739,-8.882,0.802,3.051,4,1.71
22,735,73500,car,910.216,1006.818,-8.9,0.795,3.053,4,1.71
22,736,73600,car,909.326,1006.896,-8.921,0.785,3.054,4,1.71
22,737,73700,car,908.434,1006.973,-8.945,0.775,3.055,4,1.71
22,738,73800,car,907.539,1007.048,-8.973,0.763,3.057,4,1.71
22,739,73900,car,906.641,1007.123,-9.004,0.751,3.058,4,1.71
22,740,74000,car,905.741,1007.196,-9.036,0.738,3.06,4,1.71
22,741,74100,car,904.837,1007.267,-9.069,0.726,3.062,4,1.71
22,742,74200,car,903.93,1007.338,-9.102,0.713,3.063,4,1.71
22,743,74300,car,903.02,1007.407,-9.134,0.702,3.065,4,1.71
22,744,74400,car,902.106,1007.476,-9.165,0.691,3.066,4,1.71
22,745,74500,car,901.189,1007.543,-9.192,0.681,3.068,4,1.71
22,746,74600,car,900.27,1007.61,-9.215,0.672,3.069,4,1.71
22,747,74700,car,899.349,1007.676,-9.233,0.664,3.07,4,1.71
22,748,74800,car,898.425,1007.741,-9.247,0.657,3.071,4,1.71
22,749,74900,car,897.5,1007.806,-9.257,0.651,3.071,4,1.71
22,750,75000,car,896.575,1007.87,-9.262,0.645,3.072,4,1.71
22,751,75100,car,895.648,1007.934,-9.264,0.639,3.073,4,1.71
22,752,75200,car,894.722,1007.997,-9.265,0.634,3.073,4,1.71
23,622,62200,car,1011.069,1012.107,-1.988,-3.1,-2.141,3.61,1.69
23,623,62300,car,1010.856,1011.807,-2.04,-3.091,-2.154,3.61,1.69
23,624,62400,car,1010.636,1011.508,-2.107,-3.093,-2.169,3.61,1.69
23,625,62500,car,1010.409,1011.211,-2.188,-3.105,-2.185,3.61,1.69
23,626,62600,car,1010.173,1010.913,-2.284,-3.123,-2.202,3.61,1.69
23,627,62700,car,1009.925,1010.615,-2.394,-3.145,-2.221,3.61,1.69
23,628,62800,car,1009.666,1010.315,-2.515,-3.167,-2.242,3.61,1.69
23,629,62900,car,1009.393,1010.015,-2.647,-3.184,-2.264,3.61,1.69
23,630,63000,car,1009.106,1009.714,-2.789,-3.196,-2.288,3.61,1.69
23,631,63100,car,1008.803,1009.414,-2.942,-3.199,-2.314,3.61,1.69
23,632,63200,car,1008.483,1009.115,-3.105,-3.192,-2.342,3.61,1.69
23,633,63300,car,1008.146,1008.819,-3.279,-3.175,-2.372,3.61,1.69
23,634,63400,car,1007.791,1008.527,-3.464,-3.146,-2.404,3.61,1.69
23,635,63500,car,1007.417,1008.241,-3.658,-3.104,-2.438,3.61,1.69
23,636,63600,car,1007.024,1007.961,-3.862,-3.048,-2.474,3.61,1.69
23,637,63700,car,1006.61,1007.691,-4.072,-2.976,-2.511,3.61,1.69
23,638,63800,car,1006.177,1007.43,-4.288,-2.888,-2.549,3.61,1.69
23,639,63900,car,1005.723,1007.181,-4.506,-2.784,-2.588,3.61,1.69
23,640,64000,car,1005.249,1006.944,-4.723,-2.664,-2.628,3.61,1.69
23,641,64100,car,1004.754,1006.721,-4.939,-2.531,-2.668,3.61,1.69
23,642,64200,car,1004.24,1006.512,-5.15,-2.386,-2.708,3.61,1.69
23,643,64300,car,1003.707,1006.318,-5.355,-2.231,-2.747,3.61,1.69
23,644,64400,car,1003.155,1006.139,-5.553,-2.069,-2.785,3.61,1.69
23,645,64500,car,1002.585,1005.975,-5.744,-1.903,-2.822,3.61,1.69
23,646,64600,car,1001.998,1005.827,-5.927,-1.736,-2.857,3.61,1.69
23,647,64700,car,1001.394,1005.694,-6.104,-1.569,-2.89,3.61,1.69
23,648,64800,car,1000.774,1005.575,-6.273,-1.407,-2.921,3.61,1.69
23,649,64900,car,1000.138,1005.47,-6.437,-1.249,-2.95,3.61,1.69
23,650,65000,car,999.487,1005.379,-6.595,-1.099,-2.977,3.61,1.69
23,651,65100,car,998.821,1005.3,-6.75,-0.956,-3.001,3.61,1.69
23,652,65200,car,998.141,1005.233,-6.9,-0.823,-3.023,3.61,1.69
23,653,65300,car,997.447,1005.177,-7.047,-0.698,-3.043,3.61,1.69
23,654,65400,car,996.738,1005.131,-7.191,-0.583,-3.061,3.61,1.69
23,655,65500,car,996.016,1005.093,-7.331,-0.477,-3.077,3.61,1.69
23,656,65600,car,995.281,1005.064,-7.468,-0.379,-3.091,3.61,1.69
23,657,65700,car,994.533,1005.043,-7.6,-0.29,-3.103,3.61,1.69
23,658,65800,car,993.772,1005.029,-7.727,-0.209,-3.115,3.61,1.69
23,659,65900,car,992.998,1005.021,-7.849,-0.136,-3.124,3.61,1.69
23,660,66000,car,992.213,1005.019,-7.966,-0.069,-3.133,3.61,1.69
23,661,66100,car,991.416,1005.022,-8.075,-0.009,-3.141,3.61,1.69
23,662,66200,car,990.608,1005.03,-8.177,0.046,3.136,3.61,1.69
23,663,66300,car,989.79,1005.042,-8.271,0.095,3.13,3.61,1.69
23,664,66400,car,988.963,1005.058,-8.356,0.138,3.125,3.61,1.69
23,665,66500,car,988.127,1005.078,-8.432,0.178,3.121,3.61,1.69
23,666,66600,car,987.284,1005.101,-8.498,0.213,3.117,3.61,1.69
23,667,66700,car,986.435,1005.126,-8.553,0.244,3.113,3.61,1.69
23,668,66800,car,985.579,1005.155,-8.599,0.271,3.11,3.61,1.69
23,669,66900,car,984.72,1005.185,-8.635,0.295,3.107,3.61,1.69
23,670,67000,car,983.856,1005.218,-8.661,0.316,3.105,3.61,1.69
23,671,67100,car,982.99,1005.252,-8.679,0.334,3.103,3.61,1.69
23,672,67200,car,982.122,1005.287,-8.689,0.349,3.101,3.61,1.69
23,673,67300,car,981.253,1005.323,-8.693,0.359,3.1,3.61,1.69
23,674,67400,car,980.384,1005.36,-8.691,0.367,3.099,3.61,1.69
23,675,67500,car,979.515,1005.398,-8.685,0.37,3.099,3.61,1.69
23,676,67600,car,978.647,1005.434,-8.674,0.368,3.099,3.61,1.69
23,677,67700,car,977.779,1005.47,-8.661,0.362,3.1,3.61,1.69
23,678,67800,car,976.913,1005.505,-8.644,0.351,3.101,3.61,1.69
23,679,67900,car,976.049,1005.538,-8.624,0.335,3.103,3.61,1.69
23,680,68000,car,975.186,1005.569,-8.601,0.314,3.105,3.61,1.69
23,681,68100,car,974.326,1005.597,-8.574,0.288,3.108,3.61,1.69
23,682,68200,car,973.468,1005.621,-8.545,0.258,3.111,3.61,1.69
23,683,68300,car,972.614,1005.642,-8.513,0.224,3.115,3.61,1.69
23,684,68400,car,971.762,1005.659,-8.478,0.186,3.12,3.61,1.69
23,685,68500,car,970.914,1005.672,-8.44,0.146,3.124,3.61,1.69
23,686,68600,car,970.07,1005.681,-8.401,0.105,3.129,3.61,1.69
23,687,68700,car,969.23,1005.685,-8.36,0.064,3.134,3.61,1.69
23,688,68800,car,968.394,1005.685,-8.317,0.023,3.139,3.61,1.69
23,689,68900,car,967.562,1005.682,-8.273,-0.016,-3.14,3.61,1.69
23,690,69000,car,966.735,1005.675,-8.227,-0.052,-3.135,3.61,1.69
23,691,69100,car,965.912,1005.664,-8.18,-0.085,-3.131,3.61,1.69
23,692,69200,car,965.094,1005.651,-8.132,-0.115,-3.127,3.61,1.69
23,693,69300,car,964.281,1005.636,-8.084,-0.14,-3.124,3.61,1.69
23,694,69400,car,963.473,1005.619,-8.036,-0.161,-3.122,3.61,1.69
23,695,69500,car,962.669,1005.6,-7.989,-0.179,-3.119,3.61,1.69
23,696,69600,car,961.87,1005.58,-7.945,-0.193,-3.117,3.61,1.69
23,697,69700,car,961.076,1005.559,-7.903,-0.204,-3.116,3.61,1.69
23,698,69800,car,960.285,1005.537,-7.866,-0.213,-3.115,3.61,1.69
23,699,69900,car,959.499,1005.514,-7.834,-0.22,-3.114,3.61,1.69
23,700,70000,car,958.715,1005.491,-7.807,-0.226,-3.113,3.61,1.69
23,701,70100,car,957.935,1005.468,-7.786,-0.231,-3.112,3.61,1.69
23,702,70200,car,957.156,1005.444,-7.771,-0.236,-3.111,3.61,1.69
23,703,70300,car,956.379,1005.419,-7.763,-0.241,-3.111,3.61,1.69
23,704,70400,car,955.603,1005.394,-7.763,-0.247,-3.11,3.61,1.69
23,705,70500,car,954.827,1005.369,-7.769,-0.253,-3.109,3.61,1.69
23,706,70600,car,954.05,1005.343,-7.784,-0.258,-3.108,3.61,1.69
23,707,70700,car,953.271,1005.316,-7.806,-0.264,-3.108,3.61,1.69
23,708,70800,car,952.491,1005.289,-7.838,-0.27,-3.107,3.61,1.69
23,709,70900,car,951.707,1005.261,-7.878,-0.276,-3.107,3.61,1.69
23,710,71000,car,950.919,1005.233,-7.928,-0.28,-3.106,3.61,1.69
23,711,71100,car,950.126,1005.205,-7.986,-0.283,-3.106,3.61,1.69
23,712,71200,car,949.328,1005.177,-8.053,-0.284,-3.106,3.61,1.69
23,713,71300,car,948.522,1005.149,-8.127,-0.283,-3.107,3.61,1.69
23,714,71400,car,947.71,1005.122,-8.208,-0.279,-3.108,3.61,1.69
23,715,71500,car,946.889,1005.096,-8.294,-0.271,-3.109,3.61,1.69
23,716,71600,car,946.059,1005.071,-8.384,-0.259,-3.111,3.61,1.69
23,717,71700,car,945.221,1005.047,-8.476,-0.243,-3.113,3.61,1.69
23,718,71800,car,944.373,1005.026,-8.571,-0.222,-3.116,3.61,1.69
23,719,71900,car,943.516,1005.008,-8.665,-0.195,-3.119,3.61,1.69
23,720,72000,car,942.649,1004.993,-8.759,-0.164,-3.123,3.61,1.69
23,721,72100,car,941.773,1004.982,-8.85,-0.128,-3.127,3.61,1.69
23,722,72200,car,940.888,1004.975,-8.939,-0.087,-3.132,3.61,1.69
23,723,72300,car,939.994,1004.972,-9.024,-0.042,-3.137,3.61,1.69
23,724,72400,car,939.092,1004.974,-9.105,0.007,3.141,3.61,1.69
23,725,72500,car,938.181,1004.982,-9.182,0.058,3.135,3.61,1.69
23,726,72600,car,937.263,1004.994,-9.254,0.11,3.13,3.61,1.69
23,727,72700,car,936.338,1005.012,-9.32,0.164,3.124,3.61,1.69
23,728,72800,car,935.406,1005.035,-9.381,0.216,3.119,3.61,1.69
23,729,72900,car,934.468,1005.064,-9.436,0.268,3.113,3.61,1.69
23,730,73000,car,933.525,1005.097,-9.484,0.317,3.108,3.61,1.69
23,731,73100,car,932.577,1005.134,-9.526,0.364,3.103,3.61,1.69
23,732,73200,car,931.624,1005.176,-9.56,0.408,3.099,3.61,1.69
23,733,73300,car,930.668,1005.222,-9.586,0.449,3.095,3.61,1.69
23,734,73400,car,929.71,1005.272,-9.605,0.487,3.091,3.61,1.69
23,735,73500,car,928.75,1005.325,-9.615,0.521,3.087,3.61,1.69
23,736,73600,car,927.789,1005.381,-9.618,0.552,3.084,3.61,1.69
23,737,73700,car,926.827,1005.44,-9.613,0.581,3.081,3.61,1.69
23,738,73800,car,925.866,1005.501,-9.603,0.607,3.079,3.61,1.69
23,739,73900,car,924.906,1005.565,-9.587,0.63,3.076,3.61,1.69
23,740,74000,car,923.947,1005.631,-9.566,0.653,3.073,3.61,1.69
23,741,74100,car,922.991,1005.699,-9.543,0.673,3.071,3.61,1.69
23,742,74200,car,922.037,1005.769,-9.516,0.692,3.069,3.61,1.69
23,743,74300,car,921.085,1005.841,-9.487,0.71,3.067,3.61,1.69
23,744,74400,car,920.137,1005.914,-9.456,0.726,3.065,3.61,1.69
23,745,74500,car,919.191,1005.989,-9.423,0.741,3.063,3.61,1.69
23,746,74600,car,918.249,1006.065,-9.387,0.754,3.061,3.61,1.69
23,747,74700,car,917.311,1006.143,-9.349,0.766,3.06,3.61,1.69
23,748,74800,car,916.376,1006.221,-9.308,0.775,3.058,3.61,1.69
23,749,74900,car,915.445,1006.3,-9.263,0.783,3.057,3.61,1.69
23,750,75000,car,914.519,1006.379,-9.217,0.788,3.056,3.61,1.69
23,751,75100,car,913.597,1006.459,-9.168,0.791,3.056,3.61,1.69
23,752,75200,car,912.681,1006.539,-9.117,0.791,3.055,3.61,1.69
23,753,75300,car,911.769,1006.618,-9.067,0.788,3.055,3.61,1.69
23,754,75400,car,910.862,1006.697,-9.018,0.784,3.055,3.61,1.69
23,755,75500,car,909.96,1006.775,-8.971,0.777,3.055,3.61,1.69
23,756,75600,car,909.063,1006.852,-8.929,0.768,3.056,3.61,1.69
23,757,75700,car,908.17,1006.927,-8.891,0.758,3.056,3.61,1.69
23,758,75800,car,907.281,1007.002,-8.859,0.747,3.057,3.61,1.69
23,759,75900,car,906.395,1007.076,-8.833,0.736,3.058,3.61,1.69
23,760,76000,car,905.512,1007.148,-8.814,0.724,3.06,3.61,1.69
23,761,76100,car,904.63,1007.219,-8.801,0.713,3.061,3.61,1.69
23,762,76200,car,903.75,1007.289,-8.794,0.702,3.062,3.61,1.69
23,763,76300,car,902.87,1007.357,-8.791,0.692,3.063,3.61,1.69
23,764,76400,car,901.991,1007.425,-8.792,0.683,3.064,3.61,1.69
23,765,76500,car,901.112,1007.493,-8.794,0.676,3.065,3.61,1.69
23,766,76600,car,900.232,1007.559,-8.798,0.669,3.066,3.61,1.69
23,767,76700,car,899.353,1007.625,-8.802,0.663,3.066,3.61,1.69
23,768,76800,car,898.472,1007.691,-8.805,0.658,3.067,3.61,1.69
23,769,76900,car,897.592,1007.756,-8.808,0.653,3.068,3.61,1.69
23,770,77000,car,896.711,1007.821,-8.809,0.649,3.068,3.61,1.69
23,771,77100,car,895.83,1007.885,-8.81,0.645,3.068,3.61,1.69
23,772,77200,car,894.949,1007.949,-8.811,0.641,3.069,3.61,1.69
24,654,65400,car,1011.125,1011.599,-1.492,-2.791,-2.062,4.57,1.82
24,655,65500,car,1010.961,1011.328,-1.531,-2.782,-2.074,4.57,1.82
24,656,65600,car,1010.792,1011.059,-1.578,-2.778,-2.087,4.57,1.82
24,657,65700,car,1010.616,1010.791,-1.634,-2.78,-2.102,4.57,1.82
24,658,65800,car,1010.434,1010.524,-1.699,-2.787,-2.118,4.57,1.82
24,659,65900,car,1010.244,1010.258,-1.774,-2.799,-2.136,4.57,1.82
24,660,66000,car,1010.045,1009.991,-1.858,-2.815,-2.154,4.57,1.82
24,661,66100,car,1009.837,1009.724,-1.952,-2.831,-2.174,4.57,1.82
24,662,66200,car,1009.617,1009.457,-2.055,-2.847,-2.196,4.57,1.82
24,663,66300,car,1009.386,1009.189,-2.166,-2.86,-2.219,4.57,1.82
24,664,66400,car,1009.143,1008.922,-2.285,-2.868,-2.244,4.57,1.82
24,665,66500,car,1008.887,1008.656,-2.412,-2.869,-2.27,4.57,1.82
24,666,66600,car,1008.616,1008.392,-2.546,-2.861,-2.298,4.57,1.82
24,667,66700,car,1008.332,1008.131,-2.686,-2.843,-2.328,4.57,1.82
24,668,66800,car,1008.032,1007.874,-2.832,-2.814,-2.359,4.57,1.82
24,669,66900,car,1007.718,1007.624,-2.983,-2.773,-2.393,4.57,1.82
24,670,67000,car,1007.388,1007.38,-3.137,-2.719,-2.427,4.57,1.82
24,671,67100,car,1007.044,1007.145,-3.294,-2.653,-2.464,4.57,1.82
24,672,67200,car,1006.684,1006.92,-3.454,-2.574,-2.501,4.57,1.82
24,673,67300,car,1006.31,1006.704,-3.615,-2.485,-2.539,4.57,1.82
24,674,67400,car,1005.92,1006.501,-3.777,-2.384,-2.578,4.57,1.82
24,675,67500,car,1005.517,1006.309,-3.941,-2.275,-2.618,4.57,1.82
24,676,67600,car,1005.098,1006.129,-4.105,-2.156,-2.658,4.57,1.82
24,677,67700,car,1004.665,1005.963,-4.269,-2.029,-2.698,4.57,1.82
24,678,67800,car,1004.218,1005.809,-4.432,-1.895,-2.738,4.57,1.82
24,679,67900,car,1003.757,1005.67,-4.593,-1.754,-2.777,4.57,1.82
24,680,68000,car,1003.281,1005.544,-4.751,-1.608,-2.815,4.57,1.82
24,681,68100,car,1002.792,1005.433,-4.903,-1.457,-2.853,4.57,1.82
24,682,68200,car,1002.29,1005.335,-5.05,-1.304,-2.889,4.57,1.82
24,683,68300,car,1001.774,1005.252,-5.189,-1.149,-2.924,4.57,1.82
24,684,68400,car,1001.246,1005.181,-5.321,-0.996,-2.957,4.57,1.82
24,685,68500,car,1000.707,1005.124,-5.445,-0.846,-2.987,4.57,1.82
24,686,68600,car,1000.156,1005.08,-5.563,-0.702,-3.016,4.57,1.82
24,687,68700,car,999.594,1005.046,-5.675,-0.564,-3.043,4.57,1.82
24,688,68800,car,999.022,1005.024,-5.782,-0.435,-3.067,4.57,1.82
24,689,68900,car,998.44,1005.011,-5.886,-0.316,-3.088,4.57,1.82
24,690,69000,car,997.848,1005.007,-5.987,-0.206,-3.107,4.57,1.82
24,691,69100,car,997.246,1005.011,-6.087,-0.108,-3.124,4.57,1.82
24,692,69200,car,996.635,1005.021,-6.187,-0.021,-3.138,4.57,1.82
24,693,69300,car,996.015,1005.037,-6.285,0.055,3.133,4.57,1.82
24,694,69400,car,995.384,1005.058,-6.384,0.121,3.123,4.57,1.82
24,695,69500,car,994.744,1005.082,-6.482,0.176,3.115,4.57,1.82
24,696,69600,car,994.095,1005.11,-6.58,0.22,3.108,4.57,1.82
24,697,69700,car,993.436,1005.14,-6.676,0.256,3.103,4.57,1.82
24,698,69800,car,992.768,1005.171,-6.771,0.283,3.1,4.57,1.82
24,699,69900,car,992.09,1005.203,-6.864,0.302,3.098,4.57,1.82
24,700,70000,car,991.403,1005.235,-6.955,0.313,3.097,4.57,1.82
24,701,70100,car,990.707,1005.268,-7.044,0.319,3.096,4.57,1.82
24,702,70200,car,990.002,1005.299,-7.13,0.318,3.097,4.57,1.82
24,703,70300,car,989.289,1005.33,-7.213,0.314,3.098,4.57,1.82
24,704,70400,car,988.568,1005.36,-7.294,0.305,3.1,4.57,1.82
24,705,70500,car,987.838,1005.388,-7.372,0.294,3.102,4.57,1.82
24,706,70600,car,987.101,1005.414,-7.448,0.28,3.104,4.57,1.82
24,707,70700,car,986.356,1005.439,-7.522,0.264,3.107,4.57,1.82
24,708,70800,car,985.604,1005.462,-7.595,0.246,3.109,4.57,1.82
24,709,70900,car,984.844,1005.483,-7.667,0.228,3.112,4.57,1.82
24,710,71000,car,984.077,1005.502,-7.738,0.208,3.115,4.57,1.82
24,711,71100,car,983.303,1005.518,-7.81,0.188,3.118,4.57,1.82
24,712,71200,car,982.522,1005.533,-7.883,0.166,3.121,4.57,1.82
24,713,71300,car,981.734,1005.546,-7.957,0.144,3.123,4.57,1.82
24,714,71400,car,980.938,1005.556,-8.033,0.121,3.127,4.57,1.82
24,715,71500,car,980.135,1005.564,-8.112,0.097,3.13,4.57,1.82
24,716,71600,car,979.323,1005.569,-8.193,0.071,3.133,4.57,1.82
24,717,71700,car,978.504,1005.572,-8.277,0.045,3.136,4.57,1.82
24,718,71800,car,977.676,1005.572,-8.363,0.017,3.14,4.57,1.82
24,719,71900,car,976.84,1005.569,-8.45,-0.012,-3.14,4.57,1.82
24,720,72000,car,975.995,1005.563,-8.539,-0.042,-3.137,4.57,1.82
24,721,72100,car,975.141,1005.554,-8.628,-0.073,-3.133,4.57,1.82
24,722,72200,car,974.279,1005.542,-8.716,-0.104,-3.13,4.57,1.82
24,723,72300,car,973.407,1005.527,-8.803,-0.135,-3.126,4.57,1.82
24,724,72400,car,972.527,1005.509,-8.886,-0.165,-3.123,4.57,1.82
24,725,72500,car,971.638,1005.488,-8.965,-0.194,-3.12,4.57,1.82
24,726,72600,car,970.742,1005.465,-9.039,-0.219,-3.117,4.57,1.82
24,727,72700,car,969.838,1005.44,-9.106,-0.242,-3.115,4.57,1.82
24,728,72800,car,968.928,1005.414,-9.168,-0.26,-3.113,4.57,1.82
24,729,72900,car,968.011,1005.386,-9.224,-0.273,-3.112,4.57,1.82
24,730,73000,car,967.088,1005.358,-9.274,-0.28,-3.111,4.57,1.82
24,731,73100,car,966.161,1005.33,-9.32,-0.282,-3.111,4.57,1.82
24,732,73200,car,965.229,1005.302,-9.362,-0.279,-3.112,4.57,1.82
24,733,73300,car,964.293,1005.275,-9.401,-0.27,-3.113,4.57,1.82
24,734,73400,car,963.352,1005.251,-9.437,-0.256,-3.114,4.57,1.82
24,735,73500,car,962.409,1005.227,-9.473,-0.239,-3.116,4.57,1.82
24,736,73600,car,961.461,1005.206,-9.507,-0.219,-3.119,4.57,1.82
24,737,73700,car,960.51,1005.188,-9.541,-0.198,-3.121,4.57,1.82
24,738,73800,car,959.556,1005.171,-9.574,-0.177,-3.123,4.57,1.82
24,739,73900,car,958.599,1005.156,-9.606,-0.157,-3.125,4.57,1.82
24,740,74000,car,957.638,1005.143,-9.637,-0.138,-3.127,4.57,1.82
24,741,74100,car,956.674,1005.131,-9.666,-0.123,-3.129,4.57,1.82
24,742,74200,car,955.708,1005.121,-9.694,-0.111,-3.13,4.57,1.82
24,743,74300,car,954.738,1005.111,-9.719,-0.103,-3.131,4.57,1.82
24,744,74400,car,953.766,1005.101,-9.741,-0.099,-3.131,4.57,1.82
24,745,74500,car,952.792,1005.091,-9.761,-0.098,-3.132,4.57,1.82
24,746,74600,car,951.816,1005.082,-9.779,-0.099,-3.131,4.57,1.82
24,747,74700,car,950.838,1005.071,-9.795,-0.103,-3.131,4.57,1.82
24,748,74800,car,949.859,1005.06,-9.81,-0.107,-3.131,4.57,1.82
24,749,74900,car,948.878,1005.049,-9.824,-0.111,-3.13,4.57,1.82
24,750,75000,car,947.895,1005.038,-9.838,-0.113,-3.13,4.57,1.82
24,751,75100,car,946.912,1005.027,-9.854,-0.112,-3.13,4.57,1.82
24,752,75200,car,945.926,1005.016,-9.87,-0.109,-3.131,4.57,1.82
24,753,75300,car,944.939,1005.006,-9.889,-0.1,-3.131,4.57,1.82
24,754,75400,car,943.95,1004.998,-9.909,-0.087,-3.133,4.57,1.82
24,755,75500,car,942.959,1004.992,-9.931,-0.068,-3.135,4.57,1.82
24,756,75600,car,941.966,1004.989,-9.953,-0.043,-3.137,4.57,1.82
24,757,75700,car,940.971,1004.989,-9.975,-0.012,-3.14,4.57,1.82
24,758,75800,car,939.973,1004.992,-9.997,0.023,3.139,4.57,1.82
24,759,75900,car,938.974,1005,-10.016,0.064,3.135,4.57,1.82
24,760,76000,car,937.972,1005.012,-10.032,0.109,3.131,4.57,1.82
24,761,76100,car,936.969,1005.03,-10.045,0.156,3.126,4.57,1.82
24,762,76200,car,935.964,1005.052,-10.053,0.206,3.121,4.57,1.82
24,763,76300,car,934.959,1005.079,-10.057,0.257,3.116,4.57,1.82
24,764,76400,car,933.954,1005.112,-10.056,0.307,3.111,4.57,1.82
24,765,76500,car,932.948,1005.149,-10.05,0.357,3.106,4.57,1.82
24,766,76600,car,931.944,1005.191,-10.041,0.405,3.101,4.57,1.82
24,767,76700,car,930.94,1005.238,-10.027,0.45,3.097,4.57,1.82
24,768,76800,car,929.937,1005.289,-10.009,0.492,3.093,4.57,1.82
24,769,76900,car,928.937,1005.343,-9.988,0.531,3.089,4.57,1.82
24,770,77000,car,927.938,1005.401,-9.965,0.566,3.085,4.57,1.82
24,771,77100,car,926.942,1005.463,-9.938,0.598,3.082,4.57,1.82
24,772,77200,car,925.948,1005.526,-9.91,0.626,3.079,4.57,1.82
24,773,77300,car,924.958,1005.593,-9.881,0.651,3.076,4.57,1.82
24,774,77400,car,923.97,1005.661,-9.852,0.673,3.073,4.57,1.82
24,775,77500,car,922.985,1005.731,-9.823,0.692,3.071,4.57,1.82
24,776,77600,car,922.003,1005.803,-9.795,0.709,3.069,4.57,1.82
24,777,77700,car,921.023,1005.876,-9.769,0.723,3.068,4.57,1.82
24,778,77800,car,920.047,1005.95,-9.745,0.735,3.066,4.57,1.82
24,779,77900,car,919.072,1006.025,-9.723,0.745,3.065,4.57,1.82
24,780,78000,car,918.1,1006.101,-9.703,0.752,3.064,4.57,1.82
24,781,78100,car,917.13,1006.177,-9.684,0.758,3.064,4.57,1.82
24,782,78200,car,916.161,1006.254,-9.666,0.761,3.063,4.57,1.82
24,783,78300,car,915.195,1006.33,-9.648,0.762,3.063,4.57,1.82
24,784,78400,car,914.23,1006.406,-9.631,0.762,3.063,4.57,1.82
24,785,78500,car,913.267,1006.483,-9.614,0.76,3.063,4.57,1.82
24,786,78600,car,912.305,1006.558,-9.597,0.757,3.063,4.57,1.82
24,787,78700,car,911.346,1006.634,-9.581,0.753,3.063,4.57,1.82
24,788,78800,car,910.388,1006.709,-9.565,0.749,3.063,4.57,1.82
24,789,78900,car,909.431,1006.783,-9.551,0.746,3.064,4.57,1.82
24,790,79000,car,908.476,1006.858,-9.54,0.743,3.064,4.57,1.82
24,791,79100,car,907.522,1006.932,-9.531,0.742,3.064,4.57,1.82
24,792,79200,car,906.569,1007.006,-9.525,0.742,3.064,4.57,1.82
24,793,79300,car,905.616,1007.08,-9.523,0.744,3.064,4.57,1.82
24,794,79400,car,904.664,1007.155,-9.524,0.747,3.063,4.57,1.82
24,795,79500,car,903.712,1007.231,-9.528,0.753,3.063,4.57,1.82
24,796,79600,car,902.759,1007.307,-9.534,0.76,3.062,4.57,1.82
24,797,79700,car,901.806,1007.384,-9.542,0.768,3.061,4.57,1.82
24,798,79800,car,900.852,1007.462,-9.55,0.777,3.06,4.57,1.82
24,799,79900,car,899.897,1007.541,-9.558,0.786,3.06,4.57,1.82
24,800,80000,car,898.941,1007.621,-9.565,0.796,3.059,4.57,1.82
24,801,80100,car,897.985,1007.702,-9.569,0.806,3.058,4.57,1.82
24,802,80200,car,897.028,1007.784,-9.572,0.815,3.057,4.57,1.82
24,803,80300,car,896.071,1007.866,-9.572,0.824,3.056,4.57,1.82
24,804,80400,car,895.114,1007.95,-9.572,0.834,3.055,4.57,1.82
